-0.193510647
-0.180305968
-0.170417579
-0.165212799
-0.165470612
-0.171203287
-0.181613483
-0.19521745
-0.210106806
-0.224273643
-0.235912463
-0.243638878
-0.246607502
-0.244545581
-0.237732826
-0.226952961
-0.213427413
-0.198725031
-0.184630615
-0.172955705
-0.165291845
-0.162737782
-0.165665812
-0.173606322
-0.18530525
-0.198950859
-0.212504107
-0.224037504
-0.232003278
-0.235395532
-0.233813713
-0.227456813
-0.217077191
-0.203908121
-0.189560607
-0.175872609
-0.164694761
-0.15761636
-0.155671491
-0.15910113
-0.167257258
-0.178700524
-0.191473669
-0.203467923
-0.21277702
-0.217960825
-0.218192147
-0.213302948
-0.203763178
-0.19061844
-0.175393162
-0.159947036
-0.146265164
-0.136175249
-0.131020318
-0.131360399
-0.136802998
-0.146040755
-0.157103328
-0.167747446
-0.175865163
-0.179807883
-0.178580526
-0.171915034
-0.160258971
-0.144710861
-0.126912185
-0.108883381
-0.092781968
-0.080576735
-0.073674739
-0.07259087
-0.076777252
-0.084697238
-0.094139071
-0.102669062
-0.108083417
-0.108749646
-0.103798255
-0.093184055
-0.077658023
-0.058678247
-0.038260789
-0.018749384
-0.002484218
0.008614721
0.013472221
0.012158973
0.005940505
-0.002972958
-0.011900863
-0.018232838
-0.019882043
-0.015571158
-0.004951941
0.011397803
0.032058855
0.054925485
0.07744953
0.096999031
0.1113237
0.119050051
0.120059165
0.115589481
0.107991364
0.100203545
0.095130361
0.095104878
0.10154171
0.114786315
0.134113598
0.157830297
0.183469846
0.208101772
0.228779569
0.243103246
0.249785568
0.249036334
0.24258992
0.233326346
0.224609415
0.219570028
0.220537485
0.22870971
0.244046268
0.265323243
0.290305499
0.316034105
0.339253825
0.356985367
0.367170977
0.369223339
0.364263356
0.354910191
0.344668649
0.337128802
0.335235998
0.340798681
0.354266915
0.374728376
0.400059805
0.427212284
0.452649303
0.472952902
0.485543229
0.489343734
0.485148013
0.47549718
0.464068359
0.454789101
0.450979855
0.454746658
0.466690471
0.485885356
0.510053381
0.535902902
0.559640129
0.577657966
0.587327345
0.587695917
0.579829605
0.566610262
0.552022156
0.540182707
0.534443998
0.536787224
0.547563136
0.565519452
0.588040559
0.611567622
0.632202869
0.646477575
0.6521674
0.64892348
0.638457743
0.624152107
0.610203742
0.600609922
0.598309663
0.604660428
0.61926631
0.640092206
0.663806808
0.686339811
0.703645624
0.71259569
0.711795199
0.702032357
0.686132389
0.668218757
0.652642464
0.6429474
0.641147138
0.647406078
0.660084829
0.676077939
0.69140001
0.701987255
0.704623461
0.697785183
0.682119859
0.660331864
0.636473175
0.614888859
0.599180151
0.591466178
0.592049098
0.599451253
0.610752066
0.622171123
0.629850998
0.63074105
0.623385273
0.608354054
0.588124301
0.566413718
0.547197983
0.533737376
0.527869864
0.529677114
0.53751256
0.54834191
0.558352185
0.563771251
0.56176846
0.551207601
0.532985855
0.50979745
0.48538386
0.46353742
0.447181994
0.437757222
0.434984424
0.436992173
0.440749175
0.442746202
0.439832511
0.430033851
0.413112371
0.390657447
0.365652335
0.341668359
0.321965314
0.308757234
0.302785452
0.303225017
0.307893848
0.313724387
0.317444642
0.316362208
0.309064636
0.295809466
0.278445953
0.259881758
0.243283376
0.231270689
0.225312628
0.225422197
0.230165493
0.236966413
0.242674148
0.244317462
0.239886072
0.228904902
0.212584425
0.193474604
0.174749655
0.159378789
0.14942791
0.145633823
0.147288664
0.152420654
0.158243398
0.16182098
0.160828764
0.15420599
0.142471831
0.127572639
0.112312957
0.099581332
0.091619197
0.089506139
0.092931302
0.100257465
0.108865873
0.115751625
0.118278491
0.114905849
0.105641052
0.092030963
0.076686871
0.062528408
0.052010918
0.046544647
0.046202022
0.04972747
0.05483445
0.058757915
0.058978679
0.053945778
0.04355725
0.029204393
0.013353145
-0.001170617
-0.011934495
-0.017480598
-0.017633184
-0.013516013
-0.007292767
-0.001655952
0.000864998
-0.001383138
-0.0086768
-0.019831684
-0.032580385
-0.044259844
-0.052554425
-0.056077428
-0.054682069
-0.049480164
-0.042581017
-0.03657878
-0.033864565
-0.035928927
-0.042890114
-0.05344495
-0.065273423
-0.075733305
-0.082588922
-0.084564815
-0.081625551
-0.07496611
-0.066727208
-0.059465645
-0.055462158
-0.056041691
-0.061145554
-0.069342196
-0.078285071
-0.085433097
-0.088771859
-0.087334072
-0.081430645
-0.072580827
-0.063157187
-0.055786
-0.052613017
-0.054644095
-0.061413339
-0.071134383
-0.08128032
-0.08935577
-0.093589124
-0.093367953
-0.089359869
-0.083328263
-0.077675494
-0.074780917
-0.076280855
-0.082522485
-0.092418723
-0.103784026
-0.114016396
-0.120858305
-0.122992759
-0.120348735
-0.114094288
-0.106339789
-0.099592277
-0.096051946
-0.096933662
-0.102060763
-0.109918984
-0.118165274
-0.12438243
-0.126797595
-0.124759439
-0.118895471
-0.110953127
-0.103358071
-0.098555506
-0.098278052
-0.102975154
-0.111645256
-0.122166675
-0.131994596
-0.138941441
-0.141776783
-0.140511
-0.136345572
-0.131328478
-0.127778263
-0.127590396
-0.13161927
-0.139368828
-0.149141169
-0.158596163
-0.165493194
-0.168342589
-0.16678672
-0.161657252
-0.154733703
-0.148260537
-0.144314513
-0.144177992
-0.147928817
-0.154424964
-0.161712074
-0.167692947
-0.170797764
-0.170433535
-0.167109573
-0.162243567
-0.157717228
-0.155294224
-0.156058054
-0.160053169
-0.16627165
-0.173004231
-0.178423964
-0.181182448
-0.18081509
-0.177841633
-0.173551538
-0.169548912
-0.167196232
-0.167135747
-0.169058069
-0.17181008
-0.173810206
-0.173626731
-0.1705241
-0.164797973
-0.157777143
-0.151455275
-0.1478325
-0.14817978
-0.152515929
-0.159525699
-0.166954937
-0.172318002
-0.173668248
-0.170221888
-0.162698303
-0.15327357
-0.145064829
-0.141171336
-0.143538375
-0.152134902
-0.164877113
-0.178333148
-0.188827252
-0.193468623
-0.190840626
-0.181320254
-0.167063594
-0.15161897
-0.139083158
-0.132867821
-0.134483033
-0.142960694
-0.155279507
-0.167541274
-0.176255593
-0.179221349
-0.175877863
-0.167247143
-0.155603251
-0.143920403
-0.135127388
-0.131296213
-0.133039338
-0.139402696
-0.148322562
-0.157408043
-0.164675439
-0.16897464
-0.170060204
-0.168402878
-0.164872949
-0.160406426
-0.15573787
-0.151260159
-0.14703905
-0.142962579
-0.138955713
-0.135164165
-0.13202332
-0.130174509
-0.130252555
-0.132622658
-0.137169808
-0.143226695
-0.149671498
-0.15516196
-0.158430179
-0.158559466
-0.155189459
-0.148623894
-0.139829621
-0.130316127
-0.121887971
-0.116287477
-0.114796208
-0.117914773
-0.125243705
-0.135616825
-0.147427309
-0.159010315
-0.168950567
-0.176248672
-0.180351584
-0.181093354
-0.178598804
-0.173190417
-0.16532179
-0.155546407
-0.144518498
-0.133012438
-0.121938405
-0.112327467
-0.105262935
-0.101750012
-0.102541165
-0.107961611
-0.117793174
-0.131263289
-0.147150331
-0.163973976
-0.180212836
-0.194492677
-0.205711244
-0.213094114
-0.216196599
-0.214875023
-0.209248981
-0.1996695
-0.186699926
-0.171108681
-0.153866196
-0.136132725
-0.119220658
-0.104516711
-0.093358258
-0.086874149
-0.085819117
-0.09044354
-0.100438018
-0.114972584
-0.13282107
-0.152535957
-0.172628977
-0.191719819
-0.208632663
-0.222438579
-0.232454647
-0.238216048
-0.239437202
-0.235974864
-0.227802225
-0.214999626
-0.197764669
-0.176441781
-0.151568068
-0.123927642
-0.094600503
-0.064985235
-0.03677005
-0.011828963
0.007965711
0.020995454
0.026159524
0.0230762
0.012154591
-0.005488826
-0.028239728
-0.05425254
-0.081699156
-0.108948571
-0.134660912
-0.157807045
-0.177638207
-0.193630801
-0.205425515
-0.212772342
-0.215486848
-0.21341895
-0.206433419
-0.194400733
-0.17719722
-0.154714229
-0.126876977
-0.093674456
-0.055201998
-0.011717332
0.036291203
0.088029761
0.142329
0.197597978
0.251827169
0.302666834
0.347597732
0.384188912
0.410405609
0.42490111
0.427216447
0.417831439
0.398055023
0.369791866
0.335253279
0.296682634
0.256144363
0.215395855
0.175836663
0.138515582
0.10417278
0.073297464
0.046187439
0.023002712
0.003809762
-0.011384018
-0.02260468
-0.029893234
-0.033292653
-0.032838978
-0.028555468
-0.0204491
-0.008508958
0.007293796
0.027004592
0.050682954
0.078399032
0.110229306
0.146251522
0.186538842
0.231153006
0.280136226
0.333501459
0.391220729
0.453211333
0.519320017
0.589305534
0.662820428
0.739393235
0.818412708
0.899116001
0.980583057
1.061739674
1.141371824
1.218153493
1.290689489
1.357573034
1.417455557
1.46912327
1.511572532
1.544074529
1.566220268
1.577939391
1.579490506
1.571425392
1.554533413
1.529774759
1.498211413
1.460943376
1.419055309
1.373576131
1.325451913
1.275530747
1.224557385
1.173175096
1.121932267
1.071291617
1.02164033
0.973299903
0.926534922
0.88156037
0.838547328
0.797627155
0.758894337
0.722408302
0.688194537
0.656245345
0.626520653
0.598949191
0.573430394
0.549837269
0.528020338
0.507812659
0.489035735
0.471505973
0.455041286
0.439467364
0.42462322
0.410365705
0.396572853
0.383146065
0.370011255
0.35711914
0.344444858
0.331987029
0.319766315
0.307823467
0.296216817
0.285019194
0.274314291
0.264192585
0.254746957
0.246068206
0.238240602
0.231337612
0.225417842
0.220521174
0.216665098
0.213841248
0.212012281
0.211109366
0.211030738
0.211641835
0.212777598
0.214247378
0.21584266
0.217347475
0.218550954
0.219261133
0.219318822
0.218610279
0.217077455
0.214724867
0.211622455
0.207904192
0.203762549
0.199439189
0.195212435
0.191382136
0.188252575
0.186114111
0.185224271
0.185789133
0.187945982
0.191748406
0.197155113
0.204023842
0.212111593
0.221082109
0.230520997
0.239958117
0.248896011
0.256842293
0.263343295
0.268015925
0.270574844
0.270852603
0.268811263
0.264544998
0.258274138
0.250331822
0.241144848
0.231210443
0.221070596
0.211285328
0.202406062
0.194949954
0.189375883
0.186062675
0.185290057
0.187222844
0.191898891
0.199221437
0.208956527
0.220736331
0.234069166
0.248356966
0.262920654
0.277033346
0.289960492
0.301005059
0.309554668
0.315126647
0.317406342
0.316274143
0.311817594
0.304326667
0.294272401
0.28227135
0.269039955
0.255343891
0.241947433
0.229567028
0.218831973
0.210253664
0.204203632
0.200899788
0.200399911
0.202601519
0.207247601
0.213938238
0.222148581
0.231253941
0.240562593
0.249356304
0.256937429
0.262679893
0.266079709
0.266799403
0.264700231
0.259856938
0.252551848
0.243248202
0.232545894
0.221125417
0.209687163
0.198893063
0.189316084
0.181401013
0.175437786
0.171546998
0.169676306
0.1696063
0.170964779
0.17324901
0.175856105
0.178121771
0.179367261
0.178953113
0.176336486
0.171126802
0.16313281
0.152393638
0.139187661
0.124015987
0.107561651
0.090629843
0.074077693
0.05874315
0.045381417
0.034614692
0.026897644
0.022498119
0.021490592
0.023759055
0.029006313
0.036767538
0.046427295
0.057240558
0.068359362
0.078867348
0.087824335
0.09432189
0.097548703
0.096861364
0.091852776
0.082407698
0.068734356
0.051363379
0.031110735
0.009008439
-0.013786523
-0.036090626
-0.056785058
-0.074888785
-0.0896079
-0.100361408
-0.106787737
-0.108738432
-0.106265541
-0.099608013
-0.089180272
-0.075563804
-0.059500222
-0.041882071
-0.02373589
-0.006191122
0.009571038
0.022392165
0.031232632
0.035280147
0.03405431
0.027485995
0.015951272
0.000247606
-0.018486734
-0.038895341
-0.059544565
-0.07905747
-0.096221547
-0.110060686
-0.11987154
-0.1252311
-0.125985209
-0.122227366
-0.114274878
-0.102646229
-0.088040297
-0.071315182
-0.053462158
-0.035569086
-0.018767902
-0.004163249
0.007255856
0.014712763
0.017733093
0.016208726
0.010418498
0.000996488
-0.011148781
-0.024948758
-0.03930033
-0.053180121
-0.065731803
-0.076319773
-0.084550749
-0.090269938
-0.093540096
-0.094610896
-0.093883771
-0.091874968
-0.089177534
-0.086421748
-0.08423326
-0.083188833
-0.083771003
-0.086324814
-0.091021616
-0.097835856
-0.106540403
-0.116723699
-0.127828358
-0.139206601
-0.150184541
-0.160125833
-0.168486123
-0.174852474
-0.178965525
-0.18072544
-0.180184817
-0.177532577
-0.173072523
-0.167199286
-0.160373166
-0.153094337
-0.145876227
-0.139217754
-0.133574396
-0.129328957
-0.126763898
-0.126038204
-0.127172477
-0.130045826
-0.134407116
-0.139901047
-0.146106986
-0.15258602
-0.15893017
-0.164807538
-0.169998266
-0.17441812
-0.178128575
-0.181333757
-0.184365325
-0.187656299
-0.191704517
-0.197026158
-0.20410044
-0.213308276
-0.224870512
-0.238794542
-0.254840356
-0.272516582
-0.291112824
-0.309766734
-0.327555255
-0.34359278
-0.357117535
-0.36755194
-0.374530803
-0.377899684
-0.377691651
-0.374092801
-0.36740598
-0.358019422
-0.346383906
-0.332999453
-0.318410712
-0.303208996
-0.288038131
-0.273600492
-0.260658712
-0.250027526
-0.242549409
-0.239047938
-0.240255381
-0.246717026
-0.258684374
-0.276020252
-0.29814586
-0.324056506
-0.352416271
-0.381716669
-0.410462144
-0.437337478