-0.999972926
-0.99997399
-0.99997528
-0.999976728
-0.999978255
-0.999979782
-0.999981239
-0.999982573
-0.999983746
-0.999984737
-0.99998554
-0.999986158
-0.999986606
-0.999986903
-0.999987074
-0.999987147
-0.999987154
-0.999987128
-0.999987098
-0.999987094
-0.99998714
-0.999987253
-0.999987443
-0.999987712
-0.999988059
-0.999988474
-0.999988946
-0.999989462
-0.999990008
-0.99999057
-0.999991133
-0.999991686
-0.99999222
-0.999992728
-0.999993205
-0.999993649
-0.999994057
-0.99999443
-0.999994767
-0.999995068
-0.999995332
-0.999995559
-0.999995748
-0.9999959
-0.999996015
-0.999996095
-0.999996144
-0.999996165
-0.999996165
-0.999996148
-0.999996122
-0.99999609
-0.999996058
-0.999996029
-0.999996004
-0.999995981
-0.999995958
-0.99999593
-0.999995892
-0.999995838
-0.999995762
-0.999995664
-0.999995541
-0.999995396
-0.999995234
-0.999995062
-0.999994888
-0.999994721
-0.999994567
-0.99999443
-0.999994309
-0.999994202
-0.999994101
-0.999993998
-0.999993881
-0.999993743
-0.999993578
-0.999993382
-0.999993158
-0.999992914
-0.99999266
-0.99999241
-0.999992178
-0.999991976
-0.999991811
-0.999991684
-0.99999159
-0.999991516
-0.999991446
-0.999991363
-0.999991248
-0.999991085
-0.999990859
-0.999990564
-0.999990196
-0.999989755
-0.999989247
-0.999988677
-0.999988052
-0.999987377
-0.999986653
-0.999985876
-0.999985036
-0.999984122
-0.999983125
-0.999982042
-0.999980892
-0.999979725
-0.999978629
-0.99997773
-0.999977171
-0.999977082
-0.999977533
-0.999978507
-0.999979908
-0.999981586
-0.999983384
-0.999985164
-0.999986828
-0.999988319
-0.999989615
-0.999990717
-0.999991643
-0.999992418
-0.999993067
-0.999993617
-0.999994091
-0.999994504
-0.999994871
-0.999995201
-0.999995497
-0.999995762
-0.999995996
-0.999996199
-0.999996369
-0.999996507
-0.999996614
-0.999996693
-0.999996749
-0.999996786
-0.99999681
-0.999996824
-0.999996833
-0.99999684
-0.999996843
-0.999996843
-0.999996837
-0.999996821
-0.999996792
-0.999996745
-0.999996678
-0.999996592
-0.999996487
-0.999996367
-0.999996236
-0.999996102
-0.999995968
-0.99999584
-0.999995719
-0.999995606
-0.999995495
-0.999995382
-0.999995258
-0.999995116
-0.99999495
-0.999994756
-0.999994534
-0.999994287
-0.999994022
-0.999993747
-0.999993469
-0.999993196
-0.99999293
-0.999992671
-0.999992412
-0.999992145
-0.999991859
-0.999991546
-0.999991203
-0.999990836
-0.999990458
-0.99999009
-0.999989761
-0.999989496
-0.999989315
-0.999989228
-0.99998923
-0.999989303
-0.999989425
-0.99998957
-0.999989717
-0.999989854
-0.999989977
-0.999990091
-0.999990208
-0.999990339
-0.999990491
-0.999990668
-0.999990865
-0.999991071
-0.999991272
-0.999991452
-0.999991595
-0.999991692
-0.999991738
-0.999991734
-0.999991688
-0.99999161
-0.999991514
-0.999991414
-0.999991319
-0.999991235
-0.999991161
-0.999991093
-0.999991023
-0.999990942
-0.999990847
-0.999990735
-0.999990614
-0.999990496
-0.9999904
-0.999990344
-0.999990346
-0.999990416
-0.999990557
-0.999990764
-0.999991022
-0.999991314
-0.99999162
-0.999991925
-0.999992216
-0.999992488
-0.999992741
-0.999992978
-0.999993206
-0.99999343
-0.999993653
-0.999993875
-0.999994092
-0.9999943
-0.999994489
-0.999994652
-0.999994785
-0.999994883
-0.999994947
-0.999994981
-0.999994991
-0.999994985
-0.999994969
-0.99999495
-0.999994931
-0.999994913
-0.999994893
-0.999994868
-0.999994835
-0.999994793
-0.999994744
-0.999994696
-0.99999466
-0.999994651
-0.999994685
-0.999994775
-0.999994926
-0.999995138
-0.999995398
-0.999995693
-0.999996004
-0.999996315
-0.999996615
-0.999996897
-0.999997159
-0.999997401
-0.999997626
-0.999997836
-0.999998032
-0.999998213
-0.999998379
-0.999998529
-0.999998663
-0.999998779
-0.99999888
-0.999998966
-0.99999904
-0.999999104
-0.999999161
-0.999999213
-0.99999926
-0.999999305
-0.999999346
-0.999999385
-0.999999419
-0.99999945
-0.999999476
-0.999999498
-0.999999517
-0.999999533
-0.999999546
-0.999999559
-0.999999571
-0.999999583
-0.999999594
-0.999999605
-0.999999615
-0.999999624
-0.999999631
-0.999999635
-0.999999638
-0.99999964
-0.99999964
-0.99999964
-0.99999964
-0.99999964
-0.99999964
-0.99999964
-0.99999964
-0.999999638
-0.999999635
-0.99999963
-0.999999623
-0.999999615
-0.999999605
-0.999999594
-0.999999583
-0.999999572
-0.999999561
-0.99999955
-0.999999537
-0.999999523
-0.999999506
-0.999999486
-0.999999462
-0.999999435
-0.999999406
-0.999999374
-0.99999934
-0.999999305
-0.999999268
-0.999999229
-0.999999186
-0.999999137
-0.999999081
-0.999999016
-0.999998941
-0.999998855
-0.999998759
-0.999998653
-0.99999854
-0.999998417
-0.999998285
-0.99999814
-0.999997978
-0.999997793
-0.999997578
-0.999997329
-0.999997038
-0.999996705
-0.999996327
-0.999995907
-0.999995445
-0.999994939
-0.999994383
-0.999993766
-0.999993067
-0.999992263
-0.999991325
-0.999990234
-0.999988977
-0.999987559
-0.999986
-0.99998434
-0.999982626
-0.999980906
-0.999979215
-0.999977579
-0.999976021
-0.999974569
-0.999973264
-0.999972153
-0.999971274
-0.999970635
-0.999970205
-0.999969919
-0.999969699
-0.99996947
-0.999969182
-0.99996882
-0.999968403
-0.999967974
-0.999967578
-0.999967236
-0.999966929
-0.999966597
-0.999966153
-0.999965509
-0.999964596
-0.999963391
-0.999961942
-0.99996038
-0.999958907
-0.999957732
-0.999956982
-0.999956637
-0.999956531
-0.99995642
-0.999956053
-0.99995522
-0.999953783
-0.999951698
-0.999949054
-0.999946105
-0.999943256
-0.999940958
-0.999939525
-0.999938981
-0.999939059
-0.999939323
-0.999939311
-0.999938626
-0.99993696
-0.999934127
-0.999930106
-0.999925145
-0.999919884
-0.999915371
-0.999912802
-0.999912945
-0.99991564
-0.999919868
-0.999924294
-0.999927781
-0.999929563
-0.999929167
-0.999926305
-0.999920865
-0.999913118
-0.999904193
-0.999896546
-0.999893381
-0.999896384
-0.999903993
-0.999912792
-0.999919964
-0.99992405
-0.999924415
-0.999920584
-0.999911879
-0.999897473
-0.999877321
-0.999854757
-0.999839084
-0.999839925
-0.999855085
-0.99987365
-0.999887903
-0.999895361
-0.99989558
-0.99988789
-0.999870338
-0.999839181
-0.999789927
-0.999725002
-0.99967151
-0.999670115
-0.999713167
-0.999760718
-0.999793375
-0.999809313
-0.999810498
-0.999797964
-0.999771701
-0.999733147
-0.999690788
-0.999663859
-0.999668842
-0.999698955
-0.999733884
-0.99976024
-0.999773822
-0.999774089
-0.999760721
-0.999732849
-0.999690561
-0.999639782
-0.999598868
-0.999592632
-0.999625958
-0.99967738
-0.999725114
-0.999760357
-0.999782441
-0.999792922
-0.999793044
-0.999783053
-0.999762155
-0.99972886
-0.999682162
-0.999624572
-0.999567058
-0.999530117
-0.999530805
-0.999565511
-0.999614973
-0.999662294
-0.999699741
-0.999725716
-0.999740927
-0.999746421
-0.999742898
-0.999730641
-0.999709744
-0.999680645
-0.999644986
-0.9996066
-0.999571761
-0.999547433
-0.999537688
-0.999541233
-0.999552545
-0.999565104
-0.999573691
-0.999574832
-0.999566234
-0.999546053
-0.999512372
-0.999462974
-0.999395517
-0.99930836
-0.99920243
-0.999084187
-0.998968224
-0.998875598
-0.998824829
-0.998820778
-0.998852427
-0.998901231
-0.998950483
-0.998989107
-0.999010927
-0.999012551
-0.998991562
-0.998945347
-0.998870422
-0.998762134
-0.998614769
-0.998422348
-0.998180699
-0.997891503
-0.997568344
-0.997242175
-0.996959662
-0.996768209
-0.99669313
-0.996725417
-0.996830694
-0.996968631
-0.997106876
-0.99722484
-0.997311437
-0.997361357
-0.99737199
-0.9973414
-0.997267086
-0.997145215
-0.996970045
-0.996733389
-0.996423993
-0.996026739
-0.995521585
-0.994882184
-0.994074109
-0.993052725
-0.991760906
-0.990127294
-0.988066708
-0.985486119
-0.982302278
-0.978479545
-0.97409389
-0.9694109
-0.964925384
-0.961277424
-0.959016885
-0.958350121
-0.959074858
-0.96073936
-0.962864323
-0.965079288
-0.967152777
-0.968965054
-0.970468158
-0.971653249
-0.972529104
-0.973109483
-0.973406239
-0.973425706
-0.973166814
-0.972619977
-0.971766214
-0.970576177
-0.969008894
-0.967010102
-0.964510144
-0.961421516
-0.957636396
-0.953024961
-0.947436163
-0.940704216
-0.93266653
-0.923202113
-0.912301971
-0.900179523
-0.887408759
-0.87502982
-0.864500107
-0.857371437
-0.854741129
-0.856786149
-0.862725045
-0.871220074
-0.880897969
-0.890688374
-0.899915484
-0.908236702
-0.91553489
-0.921822692
-0.927175987
-0.931693796
-0.935476777
-0.938617137
-0.941194961
-0.943277831
-0.944921922
-0.9461736
-0.947070984
-0.947645262
-0.947921679
-0.947920204
-0.947655934
-0.947139342
-0.946376428
-0.945368892
-0.944114361
-0.942606713
-0.940836497
-0.938791395
-0.936456689
-0.933815654
-0.930849837
-0.9275392
-0.923862146
-0.919795513
-0.915314642
-0.910393662
-0.905006121
-0.899126053
-0.892729463
-0.885796136
-0.878311532
-0.870268494
-0.861668467
-0.852522037
-0.842848765
-0.83267654
-0.822040823
-0.810984251
-0.799556866
-0.787816933
-0.775831828
-0.763678176
-0.751440329
-0.739206632
-0.727063638
-0.715089284
-0.703346734
-0.691880726
-0.680717723
-0.669870068
-0.659343061
-0.649142909
-0.639283148
-0.62978756
-0.620688653
-0.612022092
-0.603818784
-0.596097027
-0.588857144
-0.582080203
-0.575731057
-0.569764548
-0.564132786
-0.558791215
-0.553701725
-0.548832159
-0.544152736
-0.5396309
-0.535226535
-0.530889325
-0.52655931
-0.522170675
-0.51765783
-0.512962166
-0.508037736
-0.502854374
-0.497397434
-0.491664163
-0.485657487
-0.479378651
-0.472820416
-0.465962405
-0.458769696
-0.451194962
-0.443183615
-0.434680731
-0.425638214
-0.416020713
-0.405809244
-0.395002163
-0.383613781
-0.371671524
-0.359212781
-0.346282485
-0.332932048
-0.31921961
-0.305210932
-0.290979796
-0.276606712
-0.262174994
-0.247763925
-0.233439552
-0.219244429
-0.205188185
-0.191240909
-0.177330999
-0.163348344
-0.149152703
-0.134586205
-0.119488166
-0.103710189
-0.08712957
-0.069659595
-0.051255935
-0.031919094
-0.011693452
0.009336221
0.031049888
0.053298355
0.075910197
0.098699731
0.121476515
0.144056757
0.166276596
0.188006581
0.209165986
0.229735176
0.249764124
0.269375552
0.288761832
0.308175623
0.327914975
0.348304108
0.369671264
0.392324953
0.416529691
0.442482133
0.470288489
0.499944203
0.531317266
0.564136908
0.597989861
0.632326536
0.666479267
0.69969391
0.731174573
0.760139099
0.785880521
0.807827713
0.825597537
0.839031429
0.848211713
0.853456275
0.855293755
0.854424096
0.851670475
0.847928288
0.844115459
0.841126394
0.839790288
0.840833333
0.844844112
0.852241774
0.863247453
0.877860512
0.895842316
0.916711147
0.939752217
0.964046245
0.988518451
1.012007133
1.033347496
1.051463002
1.065454006
1.074672867
1.078776317
1.077749241
1.071898303
1.061817819
1.048333235
1.032429061
1.01516847
0.997611198
0.980735483
0.965368626
0.952129658
0.941386634
0.93323029
0.927465317
0.923620225
0.920976533
0.918617491
0.915495509
0.910515669
0.902630307
0.890937022
0.874770341
0.853776321
0.827960301
0.797700801
0.763727054
0.727062733
0.688943189
0.650716772
0.613742004
0.579291378
0.548469857
0.522152567
0.500942714
0.485148037
0.474772677
0.469521155
0.468811979
0.471799862
0.477407111
0.484366059
0.491274991
0.496669547
0.499109871
0.497280692
0.490097561
0.476808268
0.457075416
0.431025638
0.399254067
0.362779441
0.322954258
0.281343062
0.239587576
0.19927826
0.161848061
0.128497294
0.100151158
0.077445398
0.060732163
0.050097228
0.045380855
0.046196825
0.051947023
0.061831815
0.074859338
0.089859301
0.105508845
0.120378524
0.133004905
0.141991572
0.146132562
0.144542853
0.136772542
0.122878978
0.103436909
0.079480252
0.05238575
0.02372218
-0.004905932
-0.031994913
-0.056243428
-0.076614592
-0.092363295
-0.103038143
-0.108468428
-0.108744932
-0.104200446
-0.095392461
-0.083087222
-0.06824138
-0.051975254
-0.035530689
-0.020207489
-0.007276039
0.002129781
0.007127082
0.007186332
0.002199194
-0.007506295
-0.021210218
-0.037897453
-0.05638675
-0.07546691
-0.094017163
-0.111096968
-0.126000187
-0.13827661
-0.147728219
-0.154388681
-0.158493169
-0.160443249
-0.160769147
-0.160089899
-0.159071019
-0.158379411
-0.158636173
-0.160369368
-0.163970383
-0.169658634
-0.177459652
-0.187200735
-0.19852626
-0.210931919
-0.223814049
-0.236527726
-0.248446109
-0.25901381
-0.267788822
-0.274470047
-0.278910066
-0.281114735
-0.281232311
-0.279534969
-0.27639519
-0.272258852
-0.267616274
-0.26297214
-0.258815125
-0.255588199
-0.253660842
-0.253304739
-0.254674855
-0.257798071
-0.262571528
-0.268772384
-0.276079602
-0.284106729
-0.292442718
-0.300696262
-0.308538308
-0.315737733
-0.322186325
-0.327910899
-0.333071947
-0.337949381
-0.342916644
-0.348404828
-0.354858838
-0.362688234
-0.372216347
-0.383632489
-0.396953269
-0.411999621
-0.428395443
-0.445591232
-0.462911741
-0.479621523
-0.494997858
-0.508398825
-0.519315975
-0.527405463
-0.532496986
-0.534584357
-0.533804061
-0.530408437
-0.52473895
-0.517203253
-0.508257907
-0.498397217
-0.488147416
-0.478064404
-0.468732221
-0.460758402
-0.454761719
-0.451347851
-0.451070101
-0.454375644
-0.461542997
-0.472622091
-0.487392277
-0.505353097
-0.525756412
-0.547677844
-0.570114436
-0.592088605
-0.61273844
-0.631380289