-0.999997773
-0.999997756
-0.99999776
-0.999997781
-0.999997814
-0.999997853
-0.999997892
-0.999997924
-0.999997943
-0.999997945
-0.999997928
-0.999997891
-0.999997835
-0.999997761
-0.999997674
-0.99999758
-0.999997486
-0.999997398
-0.999997323
-0.999997267
-0.999997232
-0.999997224
-0.999997245
-0.999997295
-0.999997374
-0.99999748
-0.999997605
-0.999997742
-0.999997882
-0.999998017
-0.999998143
-0.999998258
-0.999998363
-0.999998458
-0.999998547
-0.999998632
-0.999998716
-0.999998799
-0.999998881
-0.999998961
-0.999999036
-0.999999105
-0.999999165
-0.999999214
-0.999999253
-0.999999281
-0.999999299
-0.999999307
-0.999999307
-0.9999993
-0.999999288
-0.999999272
-0.999999253
-0.999999234
-0.999999214
-0.999999195
-0.999999176
-0.999999157
-0.999999137
-0.999999114
-0.999999087
-0.999999055
-0.999999017
-0.999998971
-0.999998918
-0.999998858
-0.999998792
-0.99999872
-0.999998644
-0.999998565
-0.999998483
-0.999998402
-0.999998321
-0.999998243
-0.999998167
-0.999998092
-0.999998016
-0.999997937
-0.999997848
-0.999997746
-0.999997625
-0.99999748
-0.999997306
-0.999997099
-0.999996855
-0.999996573
-0.999996252
-0.999995895
-0.99999551
-0.999995107
-0.999994697
-0.999994292
-0.999993905
-0.999993544
-0.999993222
-0.999992953
-0.999992757
-0.999992653
-0.999992653
-0.999992758
-0.999992956
-0.999993217
-0.999993511
-0.999993806
-0.999994083
-0.999994329
-0.999994543
-0.999994736
-0.999994919
-0.999995109
-0.999995317
-0.999995548
-0.999995798
-0.999996059
-0.999996317
-0.999996559
-0.999996776
-0.999996962
-0.999997113
-0.999997231
-0.999997318
-0.99999738
-0.999997424
-0.999997459
-0.999997495
-0.99999754
-0.999997598
-0.999997669
-0.99999775
-0.999997836
-0.999997918
-0.999997992
-0.999998051
-0.999998092
-0.999998114
-0.999998117
-0.999998103
-0.999998077
-0.999998047
-0.999998018
-0.999997998
-0.99999799
-0.999997995
-0.999998007
-0.999998023
-0.999998035
-0.999998036
-0.999998021
-0.999997988
-0.999997935
-0.999997866
-0.999997787
-0.999997708
-0.999997639
-0.999997588
-0.999997558
-0.999997547
-0.999997546
-0.999997546
-0.999997537
-0.99999751
-0.99999746
-0.999997385
-0.999997286
-0.999997172
-0.999997052
-0.999996937
-0.999996837
-0.999996755
-0.999996685
-0.99999662
-0.999996544
-0.999996447
-0.999996317
-0.99999615
-0.999995948
-0.99999572
-0.999995486
-0.99999527
-0.999995093
-0.999994966
-0.999994881
-0.999994822
-0.999994769
-0.999994706
-0.999994629
-0.999994546
-0.999994476
-0.999994446
-0.999994481
-0.999994592
-0.999994771
-0.999994991
-0.999995221
-0.999995437
-0.999995626
-0.999995788
-0.999995928
-0.999996056
-0.999996186
-0.999996324
-0.999996472
-0.999996626
-0.999996777
-0.999996913
-0.999997026
-0.99999711
-0.999997165
-0.999997194
-0.999997202
-0.999997199
-0.999997192
-0.99999719
-0.999997196
-0.999997212
-0.999997233
-0.999997252
-0.999997261
-0.999997252
-0.99999722
-0.999997165
-0.99999709
-0.999997001
-0.999996908
-0.999996821
-0.999996749
-0.999996699
-0.999996671
-0.99999666
-0.999996657
-0.999996654
-0.999996642
-0.999996621
-0.999996593
-0.999996564
-0.999996543
-0.999996538
-0.999996555
-0.999996594
-0.999996652
-0.999996721
-0.999996793
-0.999996861
-0.999996922
-0.999996974
-0.99999702
-0.999997064
-0.99999711
-0.999997162
-0.999997221
-0.999997285
-0.999997353
-0.999997421
-0.999997486
-0.999997548
-0.999997606
-0.999997664
-0.999997726
-0.999997797
-0.999997878
-0.999997973
-0.99999808
-0.999998196
-0.999998317
-0.999998437
-0.999998553
-0.999998662
-0.999998762
-0.999998853
-0.999998936
-0.999999011
-0.999999081
-0.999999147
-0.99999921
-0.99999927
-0.999999326
-0.999999379
-0.999999427
-0.99999947
-0.999999508
-0.999999541
-0.99999957
-0.999999595
-0.999999617
-0.999999637
-0.999999655
-0.999999673
-0.999999691
-0.999999707
-0.999999722
-0.999999736
-0.999999749
-0.999999759
-0.999999768
-0.999999776
-0.999999782
-0.999999787
-0.999999792
-0.999999798
-0.999999803
-0.999999808
-0.999999813
-0.999999818
-0.999999822
-0.999999826
-0.999999828
-0.99999983
-0.99999983
-0.999999831
-0.999999831
-0.999999831
-0.999999831
-0.999999831
-0.999999831
-0.999999831
-0.999999831
-0.999999829
-0.999999827
-0.999999824
-0.99999982
-0.999999815
-0.999999811
-0.999999806
-0.999999801
-0.999999796
-0.99999979
-0.999999785
-0.999999779
-0.999999771
-0.999999762
-0.999999751
-0.999999739
-0.999999726
-0.999999712
-0.999999697
-0.999999681
-0.999999665
-0.999999647
-0.999999628
-0.999999606
-0.99999958
-0.99999955
-0.999999516
-0.999999476
-0.999999432
-0.999999384
-0.999999332
-0.999999275
-0.999999213
-0.999999142
-0.999999062
-0.999998967
-0.999998855
-0.999998723
-0.999998569
-0.999998394
-0.999998199
-0.999997985
-0.999997751
-0.999997494
-0.999997204
-0.999996865
-0.999996458
-0.999995963
-0.999995364
-0.999994659
-0.999993873
-0.999993061
-0.999992295
-0.999991635
-0.999991096
-0.999990642
-0.9999902
-0.999989701
-0.999989099
-0.999988397
-0.999987665
-0.99998704
-0.999986677
-0.999986674
-0.999987007
-0.999987546
-0.999988132
-0.999988634
-0.999988977
-0.999989131
-0.999989107
-0.999988949
-0.99998873
-0.99998854
-0.999988459
-0.999988524
-0.999988719
-0.999988978
-0.999989221
-0.999989373
-0.99998938
-0.999989213
-0.999988869
-0.999988371
-0.999987775
-0.999987156
-0.999986592
-0.999986137
-0.999985796
-0.999985522
-0.999985233
-0.999984841
-0.999984273
-0.999983486
-0.999982488
-0.999981343
-0.999980171
-0.999979128
-0.999978346
-0.999977877
-0.999977667
-0.999977576
-0.99997743
-0.999977064
-0.999976355
-0.99997523
-0.999973685
-0.999971807
-0.999969817
-0.999968085
-0.999967061
-0.999967085
-0.999968161
-0.99996992
-0.99997182
-0.999973381
-0.999974282
-0.999974324
-0.999973345
-0.999971167
-0.999967615
-0.999962712
-0.999957261
-0.999953533
-0.999954289
-0.999959518
-0.999966243
-0.999971964
-0.999975895
-0.99997811
-0.999978811
-0.999978029
-0.999975516
-0.999970656
-0.999962519
-0.999950921
-0.999940233
-0.999940118
-0.999950753
-0.999962465
-0.999970711
-0.999975629
-0.99997815
-0.999978891
-0.99997809
-0.9999757
-0.999971542
-0.999965701
-0.999959408
-0.999955567
-0.999956459
-0.999960828
-0.999965791
-0.999969668
-0.999972045
-0.999973005
-0.999972732
-0.999971443
-0.999969488
-0.99996747
-0.999966177
-0.999966181
-0.9999674
-0.999969199
-0.999970868
-0.999971912
-0.999972042
-0.999971055
-0.999968735
-0.999964811
-0.999959024
-0.99995139
-0.99994279
-0.999935516
-0.999932464
-0.999934624
-0.999940143
-0.999946363
-0.999951606
-0.99995525
-0.9999572
-0.999957499
-0.999956153
-0.999953076
-0.999948088
-0.999940987
-0.999931741
-0.999920862
-0.999909889
-0.999901394
-0.999897749
-0.999899348
-0.999904384
-0.999910386
-0.99991553
-0.999918857
-0.999919941
-0.999918543
-0.999914388
-0.999907045
-0.999895867
-0.999880001
-0.999858543
-0.999831001
-0.999798225
-0.999763576
-0.999733046
-0.999712745
-0.99970493
-0.999706781
-0.999712977
-0.999718671
-0.999720585
-0.999716717
-0.999705708
-0.999686381
-0.999657552
-0.999618161
-0.999567819
-0.999507903
-0.999443012
-0.999381775
-0.999335099
-0.999311287
-0.999311323
-0.999328871
-0.999354552
-0.999380121
-0.999400076
-0.999411292
-0.999412041
-0.999401127
-0.999377281
-0.999338766
-0.999283077
-0.999206697
-0.999104863
-0.99897141
-0.99879882
-0.998578754
-0.998303557
-0.997969247
-0.997580112
-0.99715348
-0.996720912
-0.996321508
-0.995987872
-0.995733044
-0.995547449
-0.995406174
-0.995279253
-0.995138665
-0.994960648
-0.994724919
-0.994412605
-0.994003904
-0.993475842
-0.992800131
-0.991941035
-0.990853249
-0.989479905
-0.987751144
-0.985584143
-0.98288617
-0.979563062
-0.975536225
-0.970771024
-0.965316928
-0.95935328
-0.953223698
-0.947430986
-0.94256498
-0.939162354
-0.937546901
-0.937732514
-0.939444134
-0.942236772
-0.945638509
-0.949252363
-0.952797179
-0.956102872
-0.959084514
-0.961713136
-0.96399168
-0.965938146
-0.967575105
-0.968923873
-0.970001757
-0.970821124
-0.971389398
-0.971709428
-0.971779862
-0.971595355
-0.971146523
-0.970419633
-0.969395998
-0.968051113
-0.966353535
-0.964263593
-0.961732051
-0.958699051
-0.955093811
-0.950835948
-0.945839688
-0.940022789
-0.933322412
-0.925720138
-0.917276792
-0.908173704
-0.898749574
-0.889513142
-0.881107685
-0.874214072
-0.869408533
-0.86702527
-0.867083508
-0.869308618
-0.873228069
-0.878292819
-0.883979012
-0.889849202
-0.895574877
-0.900932712
-0.905787632
-0.910071997
-0.913765995
-0.916881325
-0.919448518
-0.92150747
-0.923100516
-0.924267488
-0.925042326
-0.925451007
-0.925510651
-0.925229675
-0.924608832
-0.923642883
-0.922322595
-0.920636731
-0.918573708
-0.916122678
-0.913273851
-0.910018003
-0.906345267
-0.90224345
-0.897696275
-0.892682027
-0.88717304
-0.881136318
-0.87453532
-0.867332606
-0.859492827
-0.850985331
-0.841785705
-0.831875801
-0.821242194
-0.80987364
-0.797758584
-0.78488406
-0.771237202
-0.756809859
-0.741605882
-0.725649477
-0.708992306
-0.691716781
-0.673933795
-0.655774647
-0.637378998
-0.618882358
-0.600407152
-0.582060174
-0.563936641
-0.54612806
-0.528729102
-0.511838681
-0.495552499
-0.479947965
-0.465066067
-0.450896966
-0.437375651
-0.424390924
-0.411806586
-0.399489599
-0.387337867
-0.375300406
-0.363384776
-0.351649936
-0.340186354
-0.329088572
-0.318427528
-0.308230195
-0.298471908
-0.289082916
-0.279966247
-0.271020709
-0.262161671
-0.253333471
-0.244510328
-0.235686402
-0.226859204
-0.218012699
-0.209106578
-0.200076157
-0.190843757
-0.181338673
-0.171520014
-0.161395791
-0.151032555
-0.140552233
-0.130115931
-0.119897602
-0.110053051
-0.100690999
-0.091852525
-0.083502991
-0.075537261
-0.067795612
-0.060085366
-0.052202527
-0.043948692
-0.035140656
-0.025612691
-0.015213773
-0.003803351
0.008750576
0.022568428
0.037750331
0.054363133
0.07242631
0.091900695
0.112683718
0.134613614
0.157483163
0.18106147
0.205120359
0.229460824
0.253934806
0.278458652
0.303016528
0.327654397
0.352467145
0.377582527
0.403145569
0.429306041
0.456209882
0.483993722
0.512780164
0.542670931
0.573735438
0.605993814
0.639395619
0.673797804
0.708947244
0.74447383
0.779899209
0.814663852
0.84817144
0.879845511
0.909189876
0.935842722
0.959615288
0.980509456
0.998713427
1.014579426
1.028590449
1.041323768
1.05341728
1.065541697
1.078378204
1.092598474
1.108842647
1.127691215
1.149628564
1.174998776
1.203957588
1.236427398
1.272064322
1.310246822
1.350093807
1.390516051
1.430298454
1.468203586
1.503081055
1.533965103
1.560145673
1.581205379
1.597023577
1.6077557
1.613798675
1.615751231
1.614372931
1.610540569
1.605197483
1.599291715
1.593702216
1.58915719
1.586153138
1.584885929
1.585205571
1.586604347
1.588244036
1.589022602
1.587674661
1.58289436
1.573465336
1.558381602
1.536945821
1.508836677
1.474142805
1.433365039
1.387390463
1.337441511
1.285002764
1.231728587
1.179336784
1.129496134
1.083717467
1.043257754
1.009044298
0.981622618
0.96112819
0.947280015
0.93939337
0.93640977
0.936943481
0.939345127
0.941783442
0.94234568
0.939155339
0.93050282
0.914980538
0.891609694
0.859942491
0.820122799
0.772891441
0.719529986
0.66174773
0.601527628
0.540954585
0.482051309
0.426642473
0.376259212
0.332086258
0.294945958
0.265308821
0.243318968
0.22882429
0.221403947
0.220389284
0.22487776
0.233742885
0.245646394
0.25906164
0.272318647
0.28368025
0.291453888
0.294134371
0.290560741
0.280059188
0.262539384
0.238517856
0.209058755
0.175643699
0.139999548
0.103919429
0.069107103
0.0370623
0.009010917
-0.014126198
-0.031737231
-0.043508087
-0.049405528
-0.049661132
-0.044758685
-0.035424039
-0.022613097
-0.00749089
0.008606746
0.024236557
0.037940032
0.048360797
0.0543745
0.05521024
0.050539144
0.040509604
0.025719693
0.007131814
-0.014052645
-0.03653424
-0.059048339
-0.080472814
-0.099902238
-0.116688392
-0.13045219
-0.141074401
-0.148672241
-0.15356711
-0.156246553
-0.157321762
-0.157481083
-0.157440219
-0.157890785
-0.159450079
-0.162615796
-0.167729499
-0.174952004
-0.184252771
-0.195414265
-0.208051347
-0.221644751
-0.235586464
-0.249233177
-0.261962429
-0.273225246
-0.28258953
-0.289770146
-0.294644005
-0.297250616
-0.297780135
-0.296551572
-0.293983989
-0.290563402
-0.286807981
-0.283233982
-0.280324395
-0.278501622
-0.278104603
-0.279370217
-0.28241887
-0.287245058
-0.293715011
-0.301574418
-0.310468874
-0.319977668
-0.329658432
-0.33909711
-0.34795601
-0.356012924
-0.36318614
-0.369542812
-0.375290612
-0.380754473
-0.38634145
-0.392497432
-0.399659707
-0.408209323
-0.418426761
-0.430454099
-0.444266792
-0.459658692
-0.476244334
-0.493481845
-0.510717056
-0.527244713
-0.542377696
-0.555512383
-0.566179242
-0.574072156
-0.579055682
-0.581154215
-0.580529332
-0.577451782
-0.572273391
-0.565402701
-0.557286878
-0.548401272
-0.539246688
-0.530352569
-0.522281976
-0.515631885
-0.511020905
-0.509057245
-0.510283955
-0.515106165
-0.523714579
-0.536026408
-0.551664531
-0.569985784
-0.590153529
-0.61123581
-0.632305234
-0.652521318
-0.671185919
-0.68777159