-0.999999266
-0.999999231
-0.999999202
-0.999999181
-0.999999166
-0.999999158
-0.999999156
-0.999999159
-0.999999165
-0.999999172
-0.999999179
-0.999999184
-0.999999186
-0.999999184
-0.999999179
-0.999999171
-0.99999916
-0.999999148
-0.999999136
-0.999999125
-0.999999118
-0.999999115
-0.999999118
-0.999999126
-0.999999141
-0.999999162
-0.999999188
-0.999999218
-0.999999251
-0.999999288
-0.999999326
-0.999999366
-0.999999407
-0.999999447
-0.999999487
-0.999999525
-0.999999561
-0.999999593
-0.999999623
-0.999999649
-0.999999672
-0.999999691
-0.999999706
-0.999999719
-0.999999728
-0.999999735
-0.999999739
-0.999999742
-0.999999743
-0.999999743
-0.999999742
-0.99999974
-0.999999738
-0.999999735
-0.999999731
-0.999999727
-0.99999972
-0.999999712
-0.9999997
-0.999999686
-0.999999667
-0.999999645
-0.999999617
-0.999999585
-0.999999547
-0.999999505
-0.999999459
-0.999999409
-0.999999356
-0.9999993
-0.999999242
-0.999999179
-0.999999112
-0.999999039
-0.999998958
-0.999998865
-0.999998759
-0.999998637
-0.999998499
-0.999998346
-0.999998181
-0.999998008
-0.999997837
-0.999997675
-0.999997529
-0.999997401
-0.999997291
-0.999997192
-0.999997097
-0.999996998
-0.999996888
-0.999996765
-0.999996632
-0.999996497
-0.999996375
-0.999996282
-0.999996232
-0.999996232
-0.999996282
-0.999996376
-0.999996504
-0.999996653
-0.999996816
-0.999996985
-0.999997155
-0.99999732
-0.999997478
-0.999997624
-0.999997757
-0.999997874
-0.999997977
-0.999998064
-0.999998138
-0.999998202
-0.999998257
-0.999998306
-0.999998351
-0.999998395
-0.999998437
-0.999998478
-0.999998516
-0.999998551
-0.999998582
-0.999998605
-0.999998621
-0.99999863
-0.999998632
-0.999998628
-0.999998618
-0.999998605
-0.99999859
-0.999998574
-0.999998559
-0.999998544
-0.99999853
-0.999998515
-0.9999985
-0.999998482
-0.999998461
-0.999998434
-0.999998403
-0.999998366
-0.999998325
-0.999998279
-0.999998231
-0.999998183
-0.999998136
-0.999998092
-0.999998053
-0.99999802
-0.999997991
-0.999997966
-0.999997943
-0.999997918
-0.99999789
-0.999997858
-0.999997821
-0.999997782
-0.999997743
-0.999997706
-0.999997676
-0.999997655
-0.999997642
-0.999997638
-0.999997636
-0.999997634
-0.999997624
-0.999997603
-0.99999757
-0.999997524
-0.999997468
-0.999997406
-0.999997344
-0.999997288
-0.999997243
-0.999997208
-0.999997181
-0.999997155
-0.99999712
-0.999997068
-0.999996992
-0.999996891
-0.999996767
-0.999996626
-0.999996484
-0.999996358
-0.999996265
-0.999996217
-0.999996216
-0.999996252
-0.999996308
-0.999996367
-0.99999642
-0.999996463
-0.999996504
-0.999996554
-0.999996627
-0.999996732
-0.999996871
-0.999997035
-0.999997212
-0.999997384
-0.999997538
-0.999997667
-0.999997766
-0.99999784
-0.999997891
-0.999997929
-0.99999796
-0.999997993
-0.999998031
-0.999998075
-0.999998122
-0.999998168
-0.999998207
-0.999998232
-0.999998238
-0.999998224
-0.999998189
-0.999998134
-0.999998064
-0.999997983
-0.999997899
-0.999997816
-0.999997736
-0.99999766
-0.99999758
-0.999997491
-0.999997381
-0.999997243
-0.999997069
-0.999996856
-0.999996609
-0.999996337
-0.99999606
-0.9999958
-0.999995579
-0.99999541
-0.999995296
-0.999995231
-0.999995204
-0.999995205
-0.999995229
-0.999995277
-0.999995353
-0.999995464
-0.999995613
-0.999995796
-0.999996008
-0.999996238
-0.999996476
-0.999996714
-0.999996945
-0.999997164
-0.999997369
-0.999997559
-0.999997733
-0.999997894
-0.999998042
-0.999998181
-0.999998312
-0.999998437
-0.999998557
-0.999998672
-0.999998782
-0.999998884
-0.999998979
-0.999999066
-0.999999143
-0.999999211
-0.999999272
-0.999999325
-0.999999374
-0.999999418
-0.999999458
-0.999999496
-0.999999531
-0.999999563
-0.999999593
-0.99999962
-0.999999644
-0.999999665
-0.999999685
-0.999999702
-0.999999718
-0.999999733
-0.999999746
-0.99999976
-0.999999772
-0.999999783
-0.999999794
-0.999999803
-0.999999811
-0.999999818
-0.999999825
-0.99999983
-0.999999835
-0.99999984
-0.999999844
-0.999999849
-0.999999853
-0.999999858
-0.999999862
-0.999999865
-0.999999868
-0.999999871
-0.999999873
-0.999999874
-0.999999875
-0.999999876
-0.999999877
-0.999999877
-0.999999878
-0.999999879
-0.999999879
-0.999999879
-0.999999879
-0.999999878
-0.999999876
-0.999999874
-0.999999872
-0.999999869
-0.999999867
-0.999999864
-0.999999862
-0.999999859
-0.999999857
-0.999999853
-0.999999849
-0.999999844
-0.999999839
-0.999999832
-0.999999825
-0.999999818
-0.99999981
-0.999999802
-0.999999794
-0.999999784
-0.999999774
-0.999999761
-0.999999747
-0.99999973
-0.999999711
-0.999999689
-0.999999665
-0.999999639
-0.999999611
-0.999999581
-0.999999548
-0.99999951
-0.999999468
-0.999999419
-0.999999362
-0.999999296
-0.999999222
-0.999999139
-0.999999047
-0.999998945
-0.999998832
-0.999998703
-0.999998554
-0.999998377
-0.999998167
-0.999997916
-0.999997624
-0.999997295
-0.999996936
-0.999996556
-0.999996161
-0.999995747
-0.999995305
-0.999994828
-0.999994318
-0.999993807
-0.999993359
-0.999993054
-0.999992943
-0.999993013
-0.999993198
-0.999993412
-0.999993589
-0.999993697
-0.999993728
-0.9999937
-0.999993649
-0.999993619
-0.999993653
-0.999993767
-0.999993941
-0.999994135
-0.999994305
-0.999994416
-0.999994449
-0.999994402
-0.999994284
-0.999994121
-0.999993953
-0.999993825
-0.999993771
-0.999993792
-0.999993858
-0.999993922
-0.999993934
-0.999993857
-0.999993665
-0.999993342
-0.99999289
-0.999992335
-0.999991741
-0.999991202
-0.999990809
-0.999990596
-0.999990523
-0.999990496
-0.999990415
-0.99999019
-0.999989755
-0.999989059
-0.999988078
-0.999986844
-0.999985495
-0.999984297
-0.999983582
-0.999983553
-0.999984135
-0.999985042
-0.999985956
-0.999986642
-0.999986946
-0.999986751
-0.999985932
-0.999984323
-0.999981743
-0.99997818
-0.999974308
-0.999972016
-0.999973158
-0.999977024
-0.99998131
-0.999984655
-0.99998681
-0.999987909
-0.999988069
-0.999987266
-0.999985273
-0.999981625
-0.9999758
-0.999968546
-0.999964578
-0.99996844
-0.999975927
-0.999981996
-0.999985776
-0.999987833
-0.999988689
-0.999988613
-0.999987672
-0.999985819
-0.999983054
-0.999979815
-0.999977424
-0.999977366
-0.999979451
-0.999982127
-0.999984282
-0.99998559
-0.999986081
-0.999985857
-0.99998503
-0.999983781
-0.999982444
-0.999981511
-0.999981378
-0.999982016
-0.999983007
-0.999983885
-0.99998435
-0.999984252
-0.999983513
-0.999982087
-0.99997999
-0.999977405
-0.999974832
-0.999973051
-0.999972661
-0.999973553
-0.999975037
-0.999976408
-0.999977228
-0.999977277
-0.999976416
-0.999974482
-0.999971233
-0.999966348
-0.999959535
-0.999950897
-0.999941646
-0.99993454
-0.999932438
-0.999935567
-0.999941492
-0.999947628
-0.999952587
-0.99995593
-0.999957606
-0.999957621
-0.999955886
-0.999952148
-0.999945944
-0.999936609
-0.999923414
-0.999906143
-0.999886393
-0.999868958
-0.999860248
-0.999862677
-0.99987237
-0.999883626
-0.999892811
-0.999898499
-0.999900327
-0.999898169
-0.999891756
-0.999880541
-0.999863716
-0.999840449
-0.999810551
-0.999775786
-0.999741326
-0.999715263
-0.999704235
-0.999708468
-0.999722298
-0.999738896
-0.999753487
-0.999763637
-0.999768312
-0.999767019
-0.99975927
-0.999744302
-0.999720919
-0.999687424
-0.999641674
-0.999581396
-0.999505043
-0.999413436
-0.999311957
-0.999211724
-0.999127049
-0.999068774
-0.999038381
-0.999028286
-0.999027002
-0.999023863
-0.999010778
-0.998981794
-0.9989319
-0.998855775
-0.998746622
-0.998594923
-0.998386886
-0.998102291
-0.997711465
-0.997171223
-0.99642043
-0.995378269
-0.993954767
-0.99209451
-0.989876768
-0.987633755
-0.985902178
-0.98507709
-0.985110877
-0.985642875
-0.986310083
-0.986889482
-0.987281287
-0.987454133
-0.987405565
-0.987141817
-0.986669443
-0.985992937
-0.985115271
-0.984040084
-0.98277495
-0.981335335
-0.979748445
-0.978055674
-0.976311932
-0.97458053
-0.972923826
-0.971392087
-0.97001464
-0.968796861
-0.967724032
-0.966770184
-0.965908593
-0.965120861
-0.964402774
-0.963766224
-0.963237147
-0.962849887
-0.962638957
-0.962629971
-0.962832102
-0.963234285
-0.963806186
-0.964503301
-0.96527418
-0.966067459
-0.966837018
-0.967544632
-0.968160369
-0.968661429
-0.969030188
-0.969252045
-0.969313458
-0.969200317
-0.968896706
-0.968383963
-0.967639946
-0.966638376
-0.965348144
-0.963732501
-0.961748069
-0.959343644
-0.956458836
-0.953022648
-0.948952278
-0.94415264
-0.938517518
-0.931933743
-0.924290498
-0.915496361
-0.905506804
-0.894363358
-0.882241482
-0.869496285
-0.856685289
-0.844541722
-0.833880771
-0.825449972
-0.819771283
-0.817037877
-0.817104732
-0.819564279
-0.823863037
-0.829412482
-0.835667683
-0.842169594
-0.848559312
-0.854575187
-0.860041303
-0.864852657
-0.868959932
-0.872355294
-0.875059813
-0.877112666
-0.878562089
-0.879457987
-0.879846211
-0.879764568
-0.87924064
-0.878291402
-0.876924405
-0.875140106
-0.872934716
-0.870302932
-0.867239965
-0.863742469
-0.859808243
-0.855434858
-0.850617632
-0.845347526
-0.839609608
-0.833382536
-0.826639252
-0.819348671
-0.811477876
-0.80299408
-0.793865725
-0.784062297
-0.773552902
-0.762304119
-0.750278039
-0.73743152
-0.723717439
-0.709088122
-0.693500338
-0.676920453
-0.659327889
-0.640715124
-0.62108327
-0.600433667
-0.578757651
-0.556028076
-0.532196619
-0.507200052
-0.480976516
-0.453489973
-0.424758127
-0.394877026
-0.364034767
-0.332508032
-0.300638836
-0.268794674
-0.237321608
-0.206504065
-0.176544408
-0.147569157
-0.119658872
-0.092889539
-0.067368324
-0.04324815
-0.020712892
6.37925E-05
0.018972061
0.036011394
0.051308884
0.065100425
0.077678376
0.089320956
0.100224171
0.110455453
0.119941374
0.128492648
0.135860314
0.141809171
0.146189866
0.148991213
0.150359989
0.150585184
0.150054024
0.149194233
0.14841879
0.148086163
0.148482677
0.149826755
0.152288955
0.156018281
0.161164525
0.16788854
0.176356609
0.186720169
0.199086515
0.213488602
0.229862231
0.248037209
0.267746081
0.288650356
0.310380335
0.332581308
0.354956893
0.377300488
0.399508461
0.421573363
0.443560614
0.465576199
0.487734714
0.51013618
0.532856784
0.555954136
0.579482764
0.603511977
0.628136876
0.653475089
0.679646267
0.706737296
0.734761586
0.763623819
0.793101445
0.822850891
0.852440789
0.881407829
0.909324726
0.935866045
0.960857641
0.984299613
1.006359776
1.02734241
1.047642838
1.067700567
1.08796199
1.108858984
1.130803769
1.154194725
1.179424048
1.206876987
1.236914536
1.269836313
1.305826882
1.344895184
1.386821404
1.431127066
1.477081581
1.523751881
1.570091795
1.615056925
1.657722294
1.697377709
1.733581462
1.766165216
1.795197171
1.820921311
1.843693984
1.86393463
1.882097795
1.898662487
1.914126613
1.928991314
1.943723381
1.958692399
1.974089829
1.989846439
2.005569368
2.02051923
2.033640983
2.043651226
2.049171598
2.048886438
2.041696665
2.026843388
2.003984031
1.973217158
1.935064398
1.89042442
1.840513228
1.786799246
1.730934663
1.674679979
1.619818425
1.568060176
1.520940867
1.479722357
1.44530471
1.418156957
1.398271666
1.385145896
1.377789726
1.374763213
1.374242749
1.374117559
1.37211564
1.365955459
1.353515284
1.333006896
1.303135935
1.263228867
1.213307935
1.154101005
1.086982413
1.013851741
0.936967425
0.858758595
0.781640065
0.70785191
0.639337773
0.577667313
0.524000134
0.479082823
0.44326798
0.416544118
0.398567389
0.388689218
0.38597764
0.389233772
0.397008354
0.407626357
0.419229701
0.429848426
0.437507649
0.4403705
0.436905931
0.426057398
0.407378899
0.38110444
0.348128869
0.309899446
0.268240583
0.225149297
0.18260071
0.14239278
0.106043366
0.074737868
0.04931603
0.03028309
0.017831637
0.011864147
0.012010603
0.017639894
0.027867647
0.041566737
0.057389593
0.07381288
0.089213762
0.101981587
0.110659141
0.1140955
0.111582213
0.102941588
0.088543487
0.069244118
0.046260333
0.021007867
-0.005063494
-0.030610689
-0.054498738
-0.075859568
-0.09411399
-0.108966654
-0.120383993
-0.12856297
-0.133895363
-0.136929456
-0.138329009
-0.138828537
-0.13918435
-0.140122177
-0.142284107
-0.146179308
-0.152143882
-0.16031492
-0.170622266
-0.182799293
-0.196411459
-0.210899328
-0.225631153
-0.239959318
-0.25327482
-0.265054698
-0.274898597
-0.282552472
-0.287919143
-0.291056804
-0.292167323
-0.291576345
-0.289707048
-0.287049204
-0.284125225
-0.281455095
-0.27952233
-0.278743146
-0.279440757
-0.281826178
-0.285986414
-0.291880685
-0.299345391
-0.308108563
-0.317814188
-0.328055733
-0.338416536
-0.348513047
-0.358035889
-0.366783714
-0.37468588
-0.381811531
-0.388364223
-0.394662533
-0.401108024
-0.408142847
-0.416200269
-0.42565249
-0.436761145
-0.449636356
-0.464210019
-0.480227876
-0.497262929
-0.51474988
-0.532036889
-0.548447636
-0.563344473
-0.576183297
-0.586552995
-0.594196157
-0.599011939
-0.60104503
-0.600466017
-0.597548141
-0.592644263
-0.586166449
-0.57856949
-0.570338929
-0.561983513
-0.554031151
-0.547026197
-0.541524321
-0.538079886
-0.537220602
-0.539406189
-0.544972581
-0.554070138
-0.566610995
-0.582243342
-0.600366008
-0.620185491
-0.640804183
-0.661319284
-0.680911007
-0.698905235
-0.714805475