-0.999998976
-0.999998962
-0.99999899
-0.999999051
-0.999999131
-0.999999217
-0.999999298
-0.999999369
-0.999999428
-0.999999475
-0.999999512
-0.999999539
-0.999999558
-0.999999571
-0.999999578
-0.999999582
-0.999999583
-0.999999583
-0.999999584
-0.999999585
-0.999999588
-0.999999593
-0.999999601
-0.999999611
-0.999999624
-0.999999638
-0.999999653
-0.99999967
-0.999999686
-0.999999701
-0.999999716
-0.999999731
-0.999999744
-0.999999757
-0.99999977
-0.999999782
-0.999999794
-0.999999805
-0.999999816
-0.999999826
-0.999999836
-0.999999844
-0.999999851
-0.999999856
-0.999999861
-0.999999863
-0.999999864
-0.999999864
-0.999999863
-0.99999986
-0.999999857
-0.999999853
-0.999999848
-0.999999843
-0.999999838
-0.999999832
-0.999999825
-0.999999817
-0.999999808
-0.999999796
-0.999999782
-0.999999764
-0.999999742
-0.999999714
-0.99999968
-0.999999638
-0.999999588
-0.999999528
-0.999999457
-0.999999374
-0.999999277
-0.999999166
-0.999999037
-0.999998891
-0.999998727
-0.999998546
-0.999998354
-0.999998159
-0.999997975
-0.999997817
-0.999997697
-0.999997622
-0.99999759
-0.999997596
-0.99999763
-0.999997682
-0.999997746
-0.999997815
-0.999997885
-0.999997953
-0.999998018
-0.999998077
-0.999998129
-0.999998175
-0.999998214
-0.999998248
-0.999998278
-0.999998306
-0.999998335
-0.999998365
-0.999998398
-0.999998435
-0.999998475
-0.999998517
-0.999998558
-0.999998598
-0.999998636
-0.99999867
-0.999998702
-0.999998733
-0.999998765
-0.999998799
-0.999998837
-0.999998878
-0.99999892
-0.999998964
-0.999999005
-0.999999043
-0.999999075
-0.9999991
-0.999999117
-0.999999127
-0.99999913
-0.999999128
-0.999999122
-0.999999115
-0.999999108
-0.999999103
-0.999999099
-0.999999097
-0.999999096
-0.999999092
-0.999999084
-0.999999071
-0.99999905
-0.99999902
-0.999998982
-0.999998935
-0.999998881
-0.999998823
-0.999998764
-0.999998706
-0.999998651
-0.999998599
-0.999998549
-0.999998497
-0.99999844
-0.999998376
-0.999998299
-0.999998209
-0.999998106
-0.999997992
-0.999997873
-0.999997758
-0.999997657
-0.999997579
-0.99999753
-0.99999751
-0.999997516
-0.999997543
-0.999997581
-0.999997622
-0.999997662
-0.999997697
-0.999997726
-0.999997752
-0.999997778
-0.999997808
-0.999997846
-0.999997894
-0.999997951
-0.999998013
-0.999998076
-0.999998134
-0.999998183
-0.999998219
-0.999998239
-0.999998243
-0.999998232
-0.999998208
-0.999998175
-0.999998137
-0.999998098
-0.999998061
-0.999998026
-0.999997993
-0.999997959
-0.99999792
-0.999997874
-0.99999782
-0.999997758
-0.999997694
-0.999997633
-0.999997582
-0.999997548
-0.999997534
-0.999997541
-0.999997565
-0.9999976
-0.999997644
-0.999997693
-0.999997744
-0.9999978
-0.999997859
-0.999997923
-0.99999799
-0.999998059
-0.999998128
-0.999998194
-0.999998254
-0.999998307
-0.999998352
-0.999998389
-0.999998419
-0.999998441
-0.999998456
-0.999998464
-0.999998466
-0.99999846
-0.999998446
-0.999998423
-0.999998389
-0.999998342
-0.999998282
-0.999998207
-0.999998115
-0.999998005
-0.999997876
-0.999997729
-0.999997561
-0.999997373
-0.999997162
-0.999996923
-0.999996649
-0.999996327
-0.999995944
-0.999995488
-0.999994949
-0.999994329
-0.999993655
-0.999992986
-0.999992415
-0.99999204
-0.999991918
-0.999992042
-0.999992357
-0.999992797
-0.999993313
-0.999993878
-0.999994471
-0.999995071
-0.999995654
-0.999996197
-0.999996679
-0.999997091
-0.999997433
-0.999997713
-0.999997941
-0.99999813
-0.999998291
-0.999998433
-0.999998564
-0.999998688
-0.999998806
-0.999998917
-0.999999019
-0.999999111
-0.999999191
-0.999999259
-0.999999317
-0.999999365
-0.999999407
-0.999999443
-0.999999476
-0.999999506
-0.999999536
-0.999999564
-0.999999592
-0.999999618
-0.999999642
-0.999999663
-0.999999683
-0.999999699
-0.999999715
-0.999999728
-0.999999741
-0.999999753
-0.999999765
-0.999999776
-0.999999787
-0.999999797
-0.999999806
-0.999999814
-0.999999821
-0.999999827
-0.999999832
-0.999999837
-0.999999842
-0.999999847
-0.999999851
-0.999999856
-0.999999861
-0.999999866
-0.99999987
-0.999999874
-0.999999877
-0.99999988
-0.999999882
-0.999999883
-0.999999884
-0.999999885
-0.999999886
-0.999999887
-0.999999888
-0.999999889
-0.99999989
-0.99999989
-0.99999989
-0.99999989
-0.999999889
-0.999999888
-0.999999887
-0.999999885
-0.999999884
-0.999999883
-0.999999882
-0.99999988
-0.999999879
-0.999999877
-0.999999874
-0.999999871
-0.999999867
-0.999999863
-0.999999858
-0.999999853
-0.999999847
-0.999999841
-0.999999835
-0.999999828
-0.999999821
-0.999999813
-0.999999803
-0.999999793
-0.999999781
-0.999999768
-0.999999753
-0.999999737
-0.99999972
-0.999999701
-0.99999968
-0.999999657
-0.999999631
-0.999999603
-0.999999571
-0.999999534
-0.999999493
-0.999999446
-0.999999393
-0.999999333
-0.999999264
-0.999999187
-0.999999101
-0.999999004
-0.999998897
-0.999998778
-0.999998646
-0.999998497
-0.99999833
-0.99999814
-0.999997929
-0.9999977
-0.999997462
-0.999997232
-0.999997025
-0.999996849
-0.999996702
-0.999996572
-0.999996445
-0.999996314
-0.999996184
-0.999996077
-0.999996021
-0.999996044
-0.99999615
-0.999996318
-0.999996508
-0.999996681
-0.99999681
-0.999996884
-0.999996905
-0.999996884
-0.999996842
-0.999996805
-0.999996799
-0.999996836
-0.999996912
-0.999997006
-0.99999709
-0.999997138
-0.999997134
-0.99999707
-0.999996946
-0.999996772
-0.99999657
-0.999996376
-0.99999623
-0.99999616
-0.999996166
-0.999996214
-0.999996259
-0.999996257
-0.99999618
-0.999996006
-0.999995726
-0.99999534
-0.999994868
-0.999994366
-0.999993923
-0.999993639
-0.999993561
-0.999993653
-0.999993818
-0.999993956
-0.999993994
-0.999993882
-0.999993585
-0.999993068
-0.999992304
-0.9999913
-0.999990173
-0.999989217
-0.999988838
-0.999989227
-0.999990146
-0.999991175
-0.999992017
-0.99999254
-0.999992697
-0.999992437
-0.999991658
-0.99999017
-0.999987711
-0.999984228
-0.999980845
-0.999980261
-0.999983144
-0.99998689
-0.999989751
-0.999991537
-0.999992476
-0.999992746
-0.999992379
-0.999991238
-0.999988948
-0.999984833
-0.999978363
-0.999971882
-0.999971999
-0.999978128
-0.999983982
-0.999987707
-0.999989775
-0.999990745
-0.999990933
-0.999990473
-0.999989411
-0.999987814
-0.999985933
-0.999984317
-0.999983594
-0.999983925
-0.999984878
-0.999985903
-0.999986675
-0.999987097
-0.999987199
-0.999987079
-0.99998686
-0.999986657
-0.999986525
-0.999986435
-0.999986278
-0.999985907
-0.999985158
-0.99998386
-0.999981836
-0.999978956
-0.999975286
-0.999971409
-0.99996859
-0.999968091
-0.999969911
-0.999972836
-0.999975646
-0.999977717
-0.999978857
-0.999979025
-0.999978168
-0.999976141
-0.999972658
-0.99996727
-0.99995942
-0.999948783
-0.999936207
-0.999924987
-0.999919903
-0.999922633
-0.999930029
-0.999938049
-0.999944519
-0.999948826
-0.99995097
-0.999951026
-0.999948928
-0.999944374
-0.999936769
-0.999925224
-0.999908779
-0.999887336
-0.999863838
-0.999846107
-0.999842549
-0.999853062
-0.999869729
-0.999885462
-0.999897246
-0.999904562
-0.999907664
-0.999906778
-0.999901821
-0.99989231
-0.999877312
-0.999855451
-0.999825097
-0.999785037
-0.999736047
-0.999683192
-0.99963663
-0.999607312
-0.999599315
-0.99960753
-0.999622852
-0.99963763
-0.999647211
-0.99964907
-0.99964156
-0.99962297
-0.99959085
-0.999541392
-0.9994687
-0.999363839
-0.999213729
-0.999000497
-0.99870345
-0.998308658
-0.997832166
-0.997347759
-0.996973521
-0.996788883
-0.996772058
-0.99683918
-0.996912472
-0.996944681
-0.996911408
-0.996798141
-0.996591136
-0.996271788
-0.995812506
-0.995172915
-0.99429642
-0.993109441
-0.991530535
-0.989505568
-0.987091393
-0.984579147
-0.982528466
-0.981505693
-0.981654452
-0.982622435
-0.98390545
-0.985140101
-0.986152228
-0.986890362
-0.987359686
-0.987584479
-0.987591783
-0.987406189
-0.987049577
-0.986542861
-0.985908349
-0.985171867
-0.984363951
-0.983519361
-0.98267445
-0.981862583
-0.981108698
-0.980424837
-0.979808303
-0.979243055
-0.978703638
-0.978160097
-0.977582419
-0.976943614
-0.976221349
-0.975398429
-0.974462712
-0.973406939
-0.972228925
-0.970932327
-0.969528004
-0.968035676
-0.966485215
-0.964916694
-0.96337825
-0.961921321
-0.960593701
-0.959432008
-0.958455775
-0.957665028
-0.957041913
-0.95655534
-0.956166687
-0.955834606
-0.955517815
-0.955175729
-0.954767494
-0.95425033
-0.953577954
-0.952699558
-0.951559451
-0.95009719
-0.948247943
-0.945942812
-0.943108979
-0.939669576
-0.935543219
-0.930643129
-0.92487574
-0.918138885
-0.910319994
-0.90129552
-0.890933829
-0.879104965
-0.865701544
-0.850674859
-0.834087854
-0.816180468
-0.797432182
-0.778593931
-0.760655323
-0.744725835
-0.731845265
-0.72278231
-0.717896793
-0.71711161
-0.719985666
-0.725840362
-0.733889834
-0.74334627
-0.753493162
-0.763729992
-0.773593864
-0.782762801
-0.791045115
-0.798359403
-0.804709457
-0.810157547
-0.814798509
-0.818736413
-0.822065346
-0.824855808
-0.82714782
-0.828950993
-0.830250514
-0.831016937
-0.83121713
-0.830823972
-0.829823056
-0.828215504
-0.826016727
-0.823251551
-0.819946684
-0.816121985
-0.811782351
-0.806912027
-0.801472674
-0.795405636
-0.788637831
-0.781089837
-0.772684356
-0.763353191
-0.753041245
-0.741706586
-0.729316373
-0.71583932
-0.701236262
-0.685451073
-0.668404408
-0.649992259
-0.630090344
-0.608564028
-0.585282319
-0.560133598
-0.533040373
-0.503970417
-0.472942226
-0.440023778
-0.405324997
-0.368985906
-0.331163599
-0.292021435
-0.251723045
-0.210432108
-0.16831705
-0.125558692
-0.082358754
-0.038947841
0.004407544
0.047399066
0.089672475
0.130827412
0.170424282
0.208001136
0.243101405
0.27530962
0.304288405
0.329807856
0.351759497
0.370151359
0.385086953
0.396736487
0.405311377
0.41105171
0.414231296
0.415177844
0.414299129
0.412102209
0.409193571
0.406253502
0.403986097
0.40305397
0.404011199
0.407248245
0.412959298
0.42113747
0.431597865
0.444023638
0.458026077
0.473206946
0.489210671
0.50575625
0.522643818
0.539737576
0.556933217
0.574122121
0.591165361
0.607887804
0.624096947
0.639623753
0.654375284
0.668383602
0.681834264
0.695062094
0.708510809
0.722663598
0.737960269
0.754720243
0.773088986
0.793019449
0.814291741
0.836565413
0.859451241
0.882584921
0.905685215
0.928584064
0.951224847
0.973634407
0.995881568
1.018037722
1.040153055
1.062256399
1.084379063
1.106595346
1.129066509
1.152072484
1.176017535
1.201402211
1.228762794
1.258588353
1.291232124
1.326836604
1.365290115
1.406226768
1.449072729
1.493130581
1.537683188
1.582092143
1.625866953
1.66869014
1.710397733
1.750928722
1.790265773
1.828390018
1.865265693
1.900858442
1.935178272
1.968328098
2.000534628
2.032141697
2.063556232
2.095151075
2.127142524
2.159469898
2.19170728
2.223033291
2.252273887
2.278017322
2.298782575
2.31320748
2.320216221
2.319131772
2.309716154
2.292143976
2.266933306
2.234865697
2.196922289
2.154248958
2.108146853
2.060071632
2.011619398
1.964480685
1.920353928
1.880822517
1.847210232
1.820435841
1.800888319
1.788341198
1.781920026
1.780131675
1.780957788
1.782006256
1.780704522
1.774509813
1.761108116
1.738578906
1.705514818
1.661099135
1.605151648
1.538151346
1.461234294
1.376154317
1.285191087
1.190998851
1.096406513
1.004197077
0.916902777
0.836647476
0.765053387
0.703211915
0.651705183
0.610658613
0.579805155
0.558545852
0.545996916
0.541019016
0.54222984
0.548006657
0.556491654
0.565618357
0.573179941
0.576956027
0.574900732
0.565371661
0.547354548
0.520623908
0.485788318
0.444200893
0.397758036
0.348641684
0.299068041
0.251089717
0.206470884
0.166630434
0.132634001
0.105212466
0.084788305
0.071497483
0.065200754
0.065483217
0.071645172
0.082691416
0.097330301
0.113997298
0.130918351
0.146223121
0.158105993
0.165015142
0.165833755
0.160011361
0.147612869
0.129275786
0.106091803
0.079445882
0.050848622
0.021788687
-0.006381309
-0.032523321
-0.055761139
-0.075502954
-0.091445341
-0.103563396
-0.112089926
-0.117484723
-0.120393534
-0.121595881
-0.121942078
-0.122282661
-0.123396984
-0.125930232
-0.130347863
-0.136912793
-0.145684971
-0.156537795
-0.169183624
-0.183202226
-0.198070056
-0.213192207
-0.227940347
-0.241698211
-0.253912346
-0.264142142
-0.27210156
-0.277685893
-0.280979515
-0.282243532
-0.281884953
-0.280411369
-0.27837737
-0.276330738
-0.27476689
-0.274098077
-0.274639604
-0.276610039
-0.280138305
-0.285269662
-0.291965372
-0.300096346
-0.309436727
-0.319666598
-0.330391801
-0.341183487
-0.351632768
-0.36140999
-0.370316071
-0.378315186
-0.385542478
-0.392285457
-0.398942599
-0.405966634
-0.413802927
-0.422833875
-0.433337714
-0.445464715
-0.459227843
-0.474501563
-0.491023552
-0.508399
-0.526112684
-0.543556022
-0.560072816
-0.575019766
-0.587830672
-0.598070903
-0.605472164
-0.60994427
-0.611566582
-0.610564741
-0.607278669
-0.602127072
-0.595573342
-0.588097922
-0.580181886
-0.572304482
-0.564953257
-0.558639884
-0.553909929
-0.55133283
-0.551461686
-0.554762284
-0.561525381
-0.571789561
-0.585305077
-0.601556447
-0.619837821
-0.639353804
-0.659312381
-0.678987582
-0.697748592
-0.71506682
-0.730516407