-0.999999142
-0.999999227
-0.999999308
-0.999999382
-0.999999449
-0.999999508
-0.999999559
-0.999999603
-0.99999964
-0.99999967
-0.999999694
-0.999999713
-0.999999727
-0.999999736
-0.999999742
-0.999999745
-0.999999744
-0.999999742
-0.999999739
-0.999999734
-0.999999729
-0.999999724
-0.99999972
-0.999999718
-0.999999717
-0.999999718
-0.999999721
-0.999999727
-0.999999734
-0.999999743
-0.999999753
-0.999999765
-0.999999777
-0.999999789
-0.999999802
-0.999999814
-0.999999825
-0.999999836
-0.999999846
-0.999999855
-0.999999863
-0.999999869
-0.999999875
-0.999999879
-0.999999883
-0.999999885
-0.999999886
-0.999999886
-0.999999885
-0.999999883
-0.99999988
-0.999999876
-0.999999872
-0.999999866
-0.99999986
-0.999999852
-0.999999843
-0.999999832
-0.999999818
-0.999999802
-0.999999781
-0.999999756
-0.999999725
-0.999999686
-0.999999639
-0.99999958
-0.999999507
-0.999999416
-0.999999301
-0.999999157
-0.999998977
-0.999998755
-0.999998491
-0.999998197
-0.999997905
-0.999997663
-0.999997519
-0.999997495
-0.999997571
-0.999997712
-0.999997882
-0.999998056
-0.999998223
-0.999998376
-0.999998513
-0.999998633
-0.999998737
-0.999998823
-0.999998891
-0.999998944
-0.999998979
-0.999999
-0.999999007
-0.999999002
-0.999998987
-0.999998965
-0.999998938
-0.999998909
-0.999998882
-0.999998856
-0.999998834
-0.999998815
-0.999998799
-0.999998786
-0.999998776
-0.999998768
-0.999998765
-0.999998766
-0.999998773
-0.999998787
-0.999998806
-0.999998832
-0.999998862
-0.999998896
-0.999998933
-0.999998973
-0.999999013
-0.999999054
-0.999999094
-0.999999132
-0.999999165
-0.999999194
-0.999999218
-0.999999235
-0.999999247
-0.999999253
-0.999999255
-0.999999253
-0.999999249
-0.999999244
-0.999999238
-0.999999233
-0.999999227
-0.999999221
-0.999999213
-0.999999202
-0.999999186
-0.999999163
-0.999999132
-0.999999092
-0.999999043
-0.999998984
-0.999998917
-0.999998841
-0.999998757
-0.999998668
-0.999998574
-0.999998477
-0.999998375
-0.999998268
-0.999998155
-0.999998034
-0.999997906
-0.999997771
-0.999997636
-0.999997508
-0.999997396
-0.999997313
-0.999997269
-0.99999727
-0.999997315
-0.9999974
-0.999997513
-0.999997644
-0.999997782
-0.999997919
-0.999998049
-0.99999817
-0.999998281
-0.99999838
-0.99999847
-0.999998549
-0.999998619
-0.99999868
-0.999998733
-0.999998777
-0.999998813
-0.999998842
-0.999998864
-0.99999888
-0.99999889
-0.999998895
-0.999998895
-0.99999889
-0.999998882
-0.999998869
-0.999998852
-0.999998831
-0.999998807
-0.999998778
-0.999998745
-0.999998709
-0.99999867
-0.999998628
-0.999998584
-0.999998541
-0.9999985
-0.999998464
-0.999998436
-0.999998419
-0.999998414
-0.999998422
-0.999998438
-0.99999846
-0.999998484
-0.999998505
-0.999998523
-0.999998538
-0.999998551
-0.999998566
-0.999998586
-0.999998613
-0.999998648
-0.999998689
-0.99999873
-0.999998767
-0.999998796
-0.999998812
-0.999998813
-0.999998799
-0.99999877
-0.999998729
-0.999998679
-0.999998625
-0.999998571
-0.999998521
-0.999998475
-0.999998431
-0.999998383
-0.999998322
-0.99999824
-0.999998126
-0.999997973
-0.999997774
-0.999997524
-0.999997225
-0.999996887
-0.99999653
-0.999996181
-0.999995868
-0.999995608
-0.999995403
-0.999995243
-0.999995125
-0.999995053
-0.999995053
-0.999995153
-0.999995374
-0.999995707
-0.999996112
-0.999996541
-0.999996951
-0.999997317
-0.999997629
-0.999997888
-0.999998103
-0.999998282
-0.999998436
-0.999998571
-0.999998694
-0.999998808
-0.999998914
-0.999999011
-0.9999991
-0.999999179
-0.999999248
-0.999999307
-0.999999357
-0.999999399
-0.999999434
-0.999999465
-0.999999492
-0.999999517
-0.999999542
-0.999999565
-0.999999588
-0.99999961
-0.999999631
-0.999999651
-0.999999668
-0.999999684
-0.999999698
-0.99999971
-0.999999721
-0.999999731
-0.999999741
-0.999999751
-0.999999761
-0.999999771
-0.99999978
-0.999999789
-0.999999797
-0.999999804
-0.99999981
-0.999999815
-0.99999982
-0.999999825
-0.999999829
-0.999999834
-0.99999984
-0.999999845
-0.999999851
-0.999999856
-0.99999986
-0.999999864
-0.999999867
-0.99999987
-0.999999871
-0.999999872
-0.999999873
-0.999999874
-0.999999876
-0.999999877
-0.999999879
-0.999999881
-0.999999882
-0.999999884
-0.999999884
-0.999999885
-0.999999885
-0.999999884
-0.999999884
-0.999999883
-0.999999882
-0.999999882
-0.999999881
-0.999999881
-0.99999988
-0.999999879
-0.999999877
-0.999999874
-0.999999871
-0.999999868
-0.999999864
-0.999999861
-0.999999857
-0.999999853
-0.999999849
-0.999999845
-0.99999984
-0.999999834
-0.999999828
-0.99999982
-0.999999811
-0.999999801
-0.99999979
-0.999999778
-0.999999765
-0.999999751
-0.999999736
-0.999999719
-0.999999701
-0.99999968
-0.999999657
-0.999999631
-0.999999602
-0.999999571
-0.999999537
-0.999999499
-0.999999459
-0.999999414
-0.999999363
-0.999999306
-0.999999242
-0.999999169
-0.999999089
-0.999999002
-0.999998911
-0.999998818
-0.999998726
-0.999998634
-0.99999854
-0.999998437
-0.99999832
-0.999998181
-0.999998018
-0.999997836
-0.999997653
-0.999997499
-0.999997411
-0.99999741
-0.999997487
-0.999997611
-0.99999774
-0.999997844
-0.999997903
-0.999997909
-0.999997861
-0.999997768
-0.99999765
-0.999997543
-0.999997491
-0.999997526
-0.999997643
-0.999997806
-0.999997969
-0.999998098
-0.999998174
-0.99999819
-0.999998142
-0.999998031
-0.999997866
-0.999997667
-0.999997476
-0.999997351
-0.999997333
-0.999997421
-0.999997565
-0.999997709
-0.99999781
-0.999997847
-0.99999781
-0.999997694
-0.999997495
-0.999997219
-0.999996889
-0.999996564
-0.999996335
-0.999996281
-0.999996402
-0.999996622
-0.99999685
-0.999997021
-0.999997105
-0.999997088
-0.999996956
-0.999996692
-0.999996273
-0.999995684
-0.999994958
-0.999994253
-0.999993854
-0.999993968
-0.999994488
-0.999995124
-0.999995667
-0.999996035
-0.999996213
-0.999996198
-0.999995975
-0.999995507
-0.999994747
-0.999993686
-0.999992481
-0.99999157
-0.999991432
-0.999992033
-0.9999929
-0.999993643
-0.999994099
-0.999994229
-0.99999401
-0.999993394
-0.999992302
-0.999990662
-0.999988531
-0.999986301
-0.999984658
-0.999984001
-0.99998401
-0.999984016
-0.999983449
-0.999981869
-0.999978821
-0.99997379
-0.999966607
-0.999958761
-0.999954227
-0.99995558
-0.999960324
-0.999964875
-0.999967649
-0.999968313
-0.999966783
-0.999962824
-0.999956056
-0.999946349
-0.999934868
-0.999925207
-0.999921885
-0.99992593
-0.999934225
-0.999943344
-0.999951565
-0.999958414
-0.999963894
-0.999968116
-0.999971191
-0.999973209
-0.999974238
-0.999974316
-0.999973467
-0.999971765
-0.999969484
-0.999967337
-0.999966504
-0.999967929
-0.999971332
-0.999975434
-0.999979114
-0.9999819
-0.999983745
-0.999984738
-0.999984952
-0.999984384
-0.999982932
-0.999980373
-0.999976365
-0.999970541
-0.99996292
-0.999954764
-0.99994899
-0.999948016
-0.999951044
-0.999955369
-0.999959009
-0.999961163
-0.999961611
-0.999960232
-0.999956777
-0.999950739
-0.999941244
-0.99992695
-0.999906095
-0.999877203
-0.999841442
-0.99980655
-0.999786148
-0.999787749
-0.99980477
-0.999825807
-0.999843859
-0.999856565
-0.999863669
-0.99986538
-0.999861676
-0.99985202
-0.999835147
-0.999808804
-0.999769379
-0.999711552
-0.99962851
-0.999514402
-0.999372026
-0.999224982
-0.999116885
-0.999078353
-0.999098255
-0.999142204
-0.999182257
-0.9992041
-0.999201536
-0.999170756
-0.999106907
-0.999001881
-0.998842137
-0.998605692
-0.998257703
-0.997744911
-0.996993077
-0.995924359
-0.994537705
-0.993080416
-0.992100372
-0.991992705
-0.992557865
-0.993332337
-0.994017315
-0.994511783
-0.994807335
-0.994919613
-0.994861662
-0.994636323
-0.994235252
-0.993640673
-0.992830192
-0.991787606
-0.990523835
-0.989108709
-0.987699535
-0.986528774
-0.985817586
-0.985655911
-0.985958006
-0.986532932
-0.987188707
-0.987789435
-0.988259822
-0.988567028
-0.988701747
-0.98866552
-0.98846405
-0.988104539
-0.987595447
-0.986947623
-0.986176139
-0.985302233
-0.984354657
-0.983369593
-0.982388338
-0.981452467
-0.980597147
-0.979844355
-0.979198254
-0.978644324
-0.978152359
-0.977681931
-0.977188344
-0.976627495
-0.975958917
-0.975147102
-0.974161558
-0.972976204
-0.971568549
-0.969919078
-0.968011159
-0.965831859
-0.963374058
-0.960640156
-0.957647377
-0.95443399
-0.951064735
-0.947632656
-0.944254078
-0.941054724
-0.938148369
-0.935613824
-0.933478515
-0.931715045
-0.930251415
-0.928989817
-0.927826542
-0.92666705
-0.925433593
-0.924065718
-0.922515585
-0.920740573
-0.918695451
-0.916325938
-0.913564767
-0.910330585
-0.906529269
-0.90205685
-0.89680304
-0.890654536
-0.883497444
-0.875218424
-0.865704544
-0.854842384
-0.842517982
-0.828620453
-0.813053333
-0.795758159
-0.776753548
-0.756189163
-0.734406761
-0.71199067
-0.689781517
-0.668827468
-0.65026423
-0.635146707
-0.624283948
-0.618131512
-0.616765929
-0.61992629
-0.627087408
-0.637536446
-0.650444915
-0.664940336
-0.680179669
-0.695417438
-0.710056399
-0.723672017
-0.736010099
-0.74696393
-0.75653994
-0.764819931
-0.771925432
-0.777987476
-0.783123698
-0.787423807
-0.790943645
-0.793706977
-0.795713099
-0.796947549
-0.797393127
-0.797038906
-0.795885745
-0.793947661
-0.791249171
-0.787819317
-0.783683658
-0.778855915
-0.773331108
-0.767081808
-0.760058387
-0.752193222
-0.743407851
-0.733621417
-0.722758528
-0.710754769
-0.697558575
-0.683128883
-0.667428847
-0.650416861
-0.632036987
-0.612211271
-0.590836227
-0.567784805
-0.542913789
-0.516075075
-0.487128241
-0.45595138
-0.422447789
-0.386547485
-0.348204627
-0.307393994
-0.264110933
-0.218378825
-0.170265872
-0.119909354
-0.067541638
-0.01350978
0.041719345
0.097573077
0.153405073
0.20853804
0.2623056
0.314082384
0.363297063
0.409431581
0.452017476
0.490643027
0.524981091
0.554837818
0.580210611
0.601334972
0.618698954
0.633012237
0.645131232
0.655955833
0.666321629
0.676910953
0.688198861
0.700439711
0.71368998
0.727855722
0.74274944
0.758141431
0.773794563
0.789477907
0.804961914
0.820003812
0.834334911
0.84766066
0.859680003
0.870123947
0.878806106
0.885672578
0.890836753
0.894587496
0.897366011
0.899715247
0.902212833
0.905402122
0.909734996
0.91553583
0.922989994
0.93215454
0.942984419
0.955365516
0.969146023
0.984159923
1.000239798
1.017219938
1.034933657
1.053210342
1.071877491
1.090771213
1.1097557
1.128748889
1.14774872
1.166852955
1.186266008
1.206288622
1.227289975
1.249665842
1.273789658
1.299964978
1.328387581
1.359123562
1.392106591
1.427153791
1.463995991
1.502315394
1.541782542
1.582085506
1.622947168
1.664130635
1.705436711
1.746699697
1.787787703
1.828610998
1.869137533
1.909410103
1.949556246
1.989781447
2.030338976
2.071475313
2.113357057
2.155991517
2.199157077
2.242359694
2.284828233
2.325554171
2.363371894
2.397066594
2.42549039
2.447666152
2.46286327
2.470638877
2.470848137
2.463634578
2.449413357
2.42885685
2.402884846
2.372654214
2.339538061
2.305083921
2.270944362
2.238779923
2.210141025
2.186340272
2.16832843
2.156586685
2.151045788
2.151040456
2.15530555
2.162018687
2.168891487
2.17330788
2.172502978
2.163770414
2.144681023
2.113292336
2.068327352
2.00930268
1.936590362
1.851404233
1.755710285
1.652070386
1.543438251
1.432933631
1.323622988
1.218331543
1.119503388
1.029115747
0.948643548
0.879063331
0.820882344
0.774178808
0.738642006
0.713604652
0.69806434
0.690695374
0.689856879
0.693607701
0.699742441
0.705864586
0.709509639
0.70832158
0.700269592
0.683872742
0.658385929
0.623899877
0.581325364
0.532262408
0.478786161
0.423199497
0.367801842
0.31470837
0.26573265
0.222328004
0.185572594
0.156180508
0.134523316
0.120650969
0.114305803
0.114927931
0.121654633
0.133320532
0.148469153
0.165388986
0.182186788
0.196905768
0.207685713
0.21294771
0.211572413
0.203034267
0.187459454
0.165592441
0.138678811
0.108291645
0.076138063
0.043880137
0.012993555
-0.015326094
-0.04021106
-0.061131896
-0.077881759
-0.090544623
-0.099454621
-0.10515045
-0.108326254
-0.109779138
-0.11035364
-0.110884644
-0.11214167
-0.114778437
-0.119291494
-0.125990763
-0.13498344
-0.146171746
-0.159264595
-0.173803246
-0.189200588
-0.204792319
-0.21989613
-0.233872831
-0.246182278
-0.256427597
-0.264383271
-0.270005438
-0.273425156
-0.274927186
-0.274917764
-0.273885418
-0.272359099
-0.270867753
-0.269904758
-0.269899271
-0.271194795
-0.274033889
-0.278547476
-0.284748036
-0.292527641
-0.30166341
-0.311833477
-0.322645294
-0.333675344
-0.34451613
-0.354823902
-0.364359979
-0.373019593
-0.380844444
-0.388017704
-0.394842577
-0.401707457
-0.409042137
-0.417270327
-0.426763556
-0.437800502
-0.450534239
-0.464968716
-0.480945657
-0.498143878
-0.516093831
-0.534209459
-0.551836444
-0.568311515
-0.58302359
-0.595466535
-0.605275688
-0.61224496
-0.616326026
-0.617614208
-0.61632661
-0.612777559
-0.607355246
-0.600502374
-0.592702562
-0.584472963
-0.576361802
-0.568947155
-0.562831102
-0.558622234
-0.55690088
-0.558166149
-0.562771538
-0.570863757
-0.582343338
-0.596861755
-0.613858621
-0.632628947
-0.652401789
-0.672411809
-0.691952841
-0.710411997
-0.727288876
-0.742205359