-0.999999452
-0.999999488
-0.999999522
-0.999999555
-0.999999585
-0.999999612
-0.999999637
-0.999999659
-0.999999678
-0.999999694
-0.999999707
-0.999999716
-0.999999723
-0.999999727
-0.999999728
-0.999999728
-0.999999726
-0.999999723
-0.999999718
-0.999999713
-0.999999706
-0.999999698
-0.999999689
-0.999999679
-0.999999668
-0.999999656
-0.999999643
-0.999999631
-0.99999962
-0.999999612
-0.999999608
-0.999999609
-0.999999616
-0.999999628
-0.999999646
-0.999999667
-0.99999969
-0.999999713
-0.999999737
-0.999999758
-0.999999778
-0.999999796
-0.99999981
-0.999999822
-0.999999832
-0.999999838
-0.999999843
-0.999999846
-0.999999847
-0.999999847
-0.999999845
-0.999999842
-0.999999838
-0.999999834
-0.999999828
-0.999999821
-0.999999813
-0.999999802
-0.999999789
-0.999999772
-0.999999749
-0.999999721
-0.999999685
-0.999999639
-0.99999958
-0.999999506
-0.999999414
-0.9999993
-0.999999161
-0.999998997
-0.99999881
-0.999998612
-0.999998425
-0.999998278
-0.999998203
-0.999998211
-0.999998292
-0.999998419
-0.999998561
-0.999998701
-0.999998826
-0.999998934
-0.999999024
-0.9999991
-0.999999163
-0.999999216
-0.999999259
-0.999999293
-0.99999932
-0.99999934
-0.999999351
-0.999999355
-0.999999351
-0.999999339
-0.99999932
-0.999999293
-0.999999258
-0.999999216
-0.999999168
-0.999999113
-0.999999052
-0.999998986
-0.999998915
-0.99999884
-0.99999876
-0.999998676
-0.99999859
-0.999998505
-0.999998424
-0.999998355
-0.999998304
-0.999998277
-0.999998278
-0.999998308
-0.999998364
-0.999998438
-0.999998522
-0.99999861
-0.999998694
-0.99999877
-0.999998838
-0.999998894
-0.999998942
-0.999998981
-0.999999014
-0.999999042
-0.999999067
-0.99999909
-0.999999111
-0.999999129
-0.999999144
-0.999999156
-0.999999161
-0.99999916
-0.999999152
-0.999999136
-0.999999112
-0.99999908
-0.999999042
-0.999998998
-0.999998951
-0.9999989
-0.999998848
-0.999998794
-0.999998738
-0.999998676
-0.999998609
-0.999998532
-0.999998447
-0.999998353
-0.999998252
-0.99999815
-0.999998054
-0.999997973
-0.999997915
-0.999997886
-0.999997888
-0.99999792
-0.999997978
-0.999998056
-0.999998147
-0.999998245
-0.999998343
-0.999998437
-0.999998524
-0.999998604
-0.999998676
-0.999998741
-0.9999988
-0.999998856
-0.99999891
-0.999998961
-0.999999009
-0.999999054
-0.999999095
-0.999999131
-0.99999916
-0.999999182
-0.999999197
-0.999999206
-0.999999209
-0.999999209
-0.999999207
-0.999999203
-0.999999201
-0.999999199
-0.999999197
-0.999999196
-0.999999193
-0.999999188
-0.999999178
-0.999999163
-0.999999144
-0.999999119
-0.999999092
-0.999999063
-0.999999036
-0.999999012
-0.999998993
-0.999998978
-0.999998968
-0.999998961
-0.999998955
-0.999998949
-0.999998943
-0.999998937
-0.999998933
-0.999998932
-0.999998935
-0.999998943
-0.999998956
-0.999998973
-0.999998992
-0.99999901
-0.999999026
-0.999999037
-0.999999042
-0.999999041
-0.999999035
-0.999999024
-0.999999011
-0.999998996
-0.99999898
-0.999998964
-0.999998946
-0.999998925
-0.999998898
-0.999998863
-0.999998818
-0.999998762
-0.999998695
-0.999998616
-0.999998529
-0.999998437
-0.999998342
-0.999998248
-0.999998154
-0.99999806
-0.999997963
-0.999997861
-0.999997753
-0.999997644
-0.999997539
-0.999997452
-0.999997398
-0.999997387
-0.999997426
-0.999997509
-0.999997627
-0.999997767
-0.999997919
-0.999998072
-0.999998223
-0.999998367
-0.999998501
-0.999998625
-0.999998739
-0.999998843
-0.999998937
-0.999999022
-0.9999991
-0.999999172
-0.999999237
-0.999999297
-0.99999935
-0.999999398
-0.999999439
-0.999999475
-0.999999505
-0.99999953
-0.999999552
-0.999999571
-0.999999589
-0.999999605
-0.999999622
-0.999999638
-0.999999655
-0.999999671
-0.999999685
-0.999999698
-0.999999709
-0.999999718
-0.999999726
-0.999999732
-0.999999737
-0.999999743
-0.999999748
-0.999999755
-0.999999762
-0.99999977
-0.999999777
-0.999999785
-0.999999792
-0.999999798
-0.999999803
-0.999999807
-0.999999811
-0.999999814
-0.999999818
-0.999999821
-0.999999825
-0.999999829
-0.999999834
-0.999999838
-0.999999841
-0.999999845
-0.999999847
-0.99999985
-0.999999852
-0.999999854
-0.999999856
-0.999999858
-0.99999986
-0.999999862
-0.999999864
-0.999999865
-0.999999866
-0.999999867
-0.999999866
-0.999999866
-0.999999866
-0.999999865
-0.999999865
-0.999999865
-0.999999866
-0.999999866
-0.999999867
-0.999999867
-0.999999866
-0.999999865
-0.999999863
-0.99999986
-0.999999857
-0.999999854
-0.999999851
-0.999999848
-0.999999845
-0.999999842
-0.999999838
-0.999999834
-0.999999828
-0.99999982
-0.999999812
-0.999999802
-0.999999791
-0.99999978
-0.999999769
-0.999999759
-0.999999749
-0.999999739
-0.999999729
-0.999999717
-0.999999703
-0.999999687
-0.999999666
-0.999999643
-0.999999616
-0.999999585
-0.999999553
-0.999999518
-0.999999481
-0.999999443
-0.999999402
-0.999999358
-0.99999931
-0.999999256
-0.999999195
-0.999999125
-0.999999046
-0.999998958
-0.999998859
-0.999998752
-0.99999864
-0.99999853
-0.99999843
-0.999998349
-0.999998289
-0.99999825
-0.999998223
-0.999998199
-0.999998169
-0.999998127
-0.999998073
-0.999998013
-0.999997961
-0.999997935
-0.999997952
-0.999998017
-0.999998117
-0.999998231
-0.999998338
-0.999998423
-0.999998478
-0.999998501
-0.999998493
-0.999998459
-0.999998407
-0.999998355
-0.999998321
-0.999998322
-0.999998362
-0.999998429
-0.999998504
-0.999998569
-0.999998611
-0.999998622
-0.999998598
-0.999998536
-0.999998437
-0.999998308
-0.999998166
-0.999998035
-0.999997945
-0.999997908
-0.999997917
-0.999997948
-0.999997973
-0.99999797
-0.999997923
-0.999997822
-0.999997666
-0.999997464
-0.99999724
-0.99999704
-0.999996909
-0.999996872
-0.999996914
-0.999996989
-0.999997045
-0.999997041
-0.999996944
-0.999996729
-0.999996378
-0.999995902
-0.999995377
-0.999994983
-0.999994938
-0.999995289
-0.999995851
-0.9999964
-0.999996809
-0.99999704
-0.999997081
-0.99999691
-0.999996462
-0.999995597
-0.999994074
-0.999991707
-0.999989423
-0.999989858
-0.999992572
-0.999994927
-0.999996343
-0.999997115
-0.999997499
-0.999997622
-0.999997526
-0.999997181
-0.99999646
-0.999995061
-0.999992344
-0.999987586
-0.999983499
-0.999986077
-0.999990738
-0.999993653
-0.999995175
-0.999995926
-0.999996221
-0.999996187
-0.999995841
-0.999995116
-0.999993851
-0.999991771
-0.999988562
-0.999984306
-0.999980362
-0.999978818
-0.999979763
-0.999981517
-0.999982873
-0.999983433
-0.999983098
-0.99998177
-0.99997921
-0.99997492
-0.99996792
-0.999956233
-0.999935586
-0.999895951
-0.999812924
-0.999646454
-0.999506045
-0.999634829
-0.999782354
-0.999858164
-0.999894378
-0.999911015
-0.999916148
-0.999912178
-0.999898082
-0.999869872
-0.999823325
-0.999772466
-0.999771432
-0.999826989
-0.999881283
-0.999915186
-0.999934066
-0.999943893
-0.999947925
-0.999947525
-0.999942815
-0.999932913
-0.999916108
-0.999891119
-0.999862182
-0.999845755
-0.999856072
-0.999881946
-0.999906302
-0.999923502
-0.999934183
-0.999939961
-0.999941963
-0.999940687
-0.999936068
-0.999927484
-0.999913688
-0.999892745
-0.999862364
-0.999821681
-0.999775868
-0.999740204
-0.999730805
-0.999746497
-0.999772328
-0.999796059
-0.999812711
-0.999821247
-0.99982162
-0.9998134
-0.999795127
-0.999763744
-0.999713766
-0.999636019
-0.999516357
-0.999337007
-0.9990897
-0.998813015
-0.998617075
-0.998589108
-0.998685425
-0.998809909
-0.998906821
-0.998959404
-0.998965417
-0.998923812
-0.998829659
-0.99867176
-0.998430516
-0.998075609
-0.997565254
-0.996853571
-0.995921857
-0.994851002
-0.993893372
-0.993379525
-0.993431778
-0.993868581
-0.994425136
-0.994931787
-0.995322021
-0.99558371
-0.99572351
-0.995750478
-0.995670248
-0.995483666
-0.995187249
-0.994774729
-0.994239899
-0.993581359
-0.992809483
-0.991954581
-0.991072369
-0.9902401
-0.989538548
-0.989024649
-0.988710497
-0.988562428
-0.988518438
-0.988510208
-0.988478163
-0.988377005
-0.98817493
-0.987850511
-0.987389718
-0.986784082
-0.986030156
-0.98513007
-0.984092827
-0.982935869
-0.981686335
-0.980381307
-0.979066301
-0.977791437
-0.976605196
-0.975546629
-0.974637794
-0.973878714
-0.973246537
-0.972699052
-0.972181119
-0.971631716
-0.97098967
-0.970197104
-0.969200586
-0.967950542
-0.966399657
-0.964500861
-0.962205417
-0.959461643
-0.956214967
-0.952410415
-0.947999063
-0.942950331
-0.937271566
-0.931034407
-0.924402713
-0.917649765
-0.911146562
-0.905306736
-0.900493745
-0.896924875
-0.894619331
-0.893415792
-0.893043744
-0.893207815
-0.893650244
-0.894178713
-0.894664896
-0.895026065
-0.895201421
-0.895131376
-0.894744259
-0.893951585
-0.892650381
-0.890729586
-0.888077447
-0.884587613
-0.880162642
-0.874714274
-0.868160104
-0.860416409
-0.851387379
-0.840952097
-0.82895212
-0.815184038
-0.799402326
-0.781338015
-0.760738119
-0.73742911
-0.71140387
-0.682923562
-0.652613475
-0.62151891
-0.591083415
-0.563027452
-0.539140023
-0.52102975
-0.509892084
-0.506333921
-0.510278665
-0.520970346
-0.537091799
-0.55698647
-0.578931578
-0.601385841
-0.623150584
-0.643425692
-0.661780658
-0.678077397
-0.692377743
-0.704856554
-0.715730475
-0.725205912
-0.733446751
-0.740560681
-0.746601252
-0.751581052
-0.755490348
-0.758315798
-0.760055254
-0.760726523
-0.760369577
-0.759042796
-0.75681452
-0.753751732
-0.749908132
-0.745314094
-0.739970744
-0.733849502
-0.726897108
-0.719044791
-0.710219212
-0.700352413
-0.689388185
-0.677282909
-0.664000031
-0.649498774
-0.633719301
-0.616567938
-0.597906697
-0.577550706
-0.555275443
-0.530833268
-0.503976386
-0.47448177
-0.442172782
-0.406932613
-0.368706221
-0.327490312
-0.283314776
-0.236222747
-0.186258569
-0.133471941
-0.077942065
-0.019818767
0.040629712
0.102977902
0.166630285
0.23084717
0.294811488
0.357724271
0.418903278
0.477854247
0.534291993
0.588107347
0.639297329
0.687890037
0.73389592
0.777303695
0.818118053
0.856416527
0.892392977
0.926359668
0.958696789
0.98975966
1.019770681
1.048729512
1.07637054
1.102184311
1.125502839
1.145631095
1.161992595
1.174250777
1.182373711
1.186627131
1.187503872
1.185617252
1.18159446
1.17600141
1.169316187
1.161949892
1.154297635
1.146793213
1.13994133
1.134310618
1.130485538
1.128989591
1.130201231
1.134285257
1.141157638
1.150493514
1.161778916
1.174397847
1.187738647
1.201298264
1.214762094
1.228041933
1.241264704
1.254717259
1.268763599
1.283756923
1.299968664
1.317551028
1.336540142
1.356896055
1.378565468
1.401545881
1.425928383
1.451902114
1.479715455
1.509603413
1.541702438
1.575979185
1.612197089
1.649935245
1.688660203
1.727836137
1.767046187
1.806091766
1.845040378
1.8842058
1.924063333
1.965120778
2.007777253
2.05220437
2.098278125
2.145577248
2.193446858
2.241108191
2.287780482
2.332775641
2.375534901
2.415597994
2.45252246
2.485792195
2.514761414
2.538669859
2.556740805
2.56834342
2.573175413
2.571410405
2.563762448
2.551445461
2.536038116
2.519291534
2.502928553
2.48847752
2.47716591
2.469877483
2.467157961
2.469242151
2.476072266
2.487283273
2.502145552
2.51947479
2.537538876
2.55400584
2.565980368
2.570165471
2.563158898
2.541854278
2.503875254
2.447944139
2.374091547
2.2836544
2.179072174
2.063548005
1.940668195
1.81406419
1.687166572
1.563060716
1.444424268
1.333513912
1.232171007
1.141826099
1.063494315
0.997762456
0.944772701
0.90420817
0.875284693
0.856753133
0.846918272
0.843682635
0.844624403
0.847115559
0.848478827
0.846171619
0.837976069
0.822170524
0.797661089
0.764059757
0.721703792
0.671616201
0.615409925
0.555141926
0.493129983
0.43175322
0.373262736
0.319626974
0.272427346
0.232806841
0.201463
0.178670435
0.164317583
0.157946006
0.158785739
0.165784932
0.177635586
0.192799717
0.209542776
0.225984067
0.240176344
0.250225921
0.254456639
0.251603969
0.241003188
0.222718959
0.197566319
0.1670009
0.132899045
0.097284696
0.062070947
0.028867837
-0.001122549
-0.027130647
-0.048786451
-0.066055125
-0.079162896
-0.088527899
-0.09470403
-0.098340412
-0.10015451
-0.100913172
-0.101413008
-0.102450857
-0.104777438
-0.109033363
-0.1156755
-0.124910168
-0.136653521
-0.150535355
-0.165950642
-0.182148327
-0.198336097
-0.213777509
-0.2278638
-0.24015283
-0.250377323
-0.258430975
-0.264343487
-0.268254679
-0.270394705
-0.271072874
-0.270672881
-0.269648395
-0.268511117
-0.267804274
-0.26805853
-0.26973386
-0.273158129
-0.278478069
-0.285637759
-0.29439283
-0.304357749
-0.315073568
-0.326078816
-0.336968051
-0.347429126
-0.357258039
-0.366356542
-0.374721001
-0.382430979
-0.389643162
-0.396591377
-0.403588235
-0.411019866
-0.419324057
-0.428945029
-0.440265467
-0.453526717
-0.468757617
-0.485735467
-0.50399538
-0.522888259
-0.541670731
-0.559601276
-0.576019319
-0.590394629
-0.602346213
-0.611637893
-0.618160619
-0.621910793
-0.62297155
-0.621501343
-0.617731688
-0.611973415
-0.604628045
-0.59619817
-0.587288703
-0.578590756
-0.570843268
-0.564774616
-0.561035381
-0.560139459
-0.562429018
-0.568068287
-0.577057161
-0.589246764
-0.604341967
-0.621889876
-0.641270421
-0.661713424
-0.682357996
-0.702347995
-0.720936198
-0.737564387
-0.751898736