-0.999999377
-0.99999939
-0.999999404
-0.999999418
-0.999999433
-0.999999449
-0.999999465
-0.99999948
-0.999999493
-0.999999504
-0.99999951
-0.999999511
-0.999999508
-0.999999499
-0.999999486
-0.999999468
-0.999999446
-0.999999422
-0.999999396
-0.999999369
-0.999999341
-0.999999314
-0.999999285
-0.999999255
-0.999999222
-0.999999182
-0.999999133
-0.999999073
-0.999998999
-0.999998913
-0.999998816
-0.999998717
-0.999998628
-0.999998565
-0.999998542
-0.999998568
-0.999998638
-0.999998741
-0.999998864
-0.999998992
-0.999999115
-0.999999227
-0.999999326
-0.99999941
-0.99999948
-0.999999537
-0.999999582
-0.999999617
-0.999999645
-0.999999666
-0.999999681
-0.999999693
-0.999999701
-0.999999706
-0.999999708
-0.999999708
-0.999999706
-0.999999702
-0.999999694
-0.999999683
-0.999999668
-0.999999647
-0.99999962
-0.999999585
-0.99999954
-0.999999485
-0.999999419
-0.99999934
-0.999999252
-0.999999159
-0.999999068
-0.99999899
-0.999998937
-0.999998913
-0.99999892
-0.999998952
-0.999998999
-0.999999054
-0.999999111
-0.999999168
-0.999999223
-0.999999275
-0.999999322
-0.999999366
-0.999999405
-0.999999439
-0.999999467
-0.999999489
-0.999999506
-0.999999515
-0.999999519
-0.999999515
-0.999999506
-0.999999491
-0.99999947
-0.999999445
-0.999999415
-0.999999382
-0.999999345
-0.999999304
-0.999999257
-0.999999204
-0.999999142
-0.999999067
-0.999998978
-0.999998872
-0.999998746
-0.9999986
-0.999998437
-0.999998265
-0.999998093
-0.999997936
-0.999997809
-0.999997725
-0.999997694
-0.999997716
-0.999997785
-0.99999789
-0.999998014
-0.999998143
-0.999998265
-0.999998373
-0.999998462
-0.999998532
-0.999998585
-0.999998625
-0.999998655
-0.999998679
-0.999998701
-0.999998722
-0.999998744
-0.999998766
-0.999998786
-0.999998801
-0.999998806
-0.999998801
-0.999998781
-0.999998746
-0.999998696
-0.999998632
-0.999998557
-0.999998476
-0.999998396
-0.999998322
-0.999998263
-0.999998221
-0.999998196
-0.999998187
-0.999998188
-0.999998195
-0.999998205
-0.999998218
-0.999998237
-0.999998264
-0.999998303
-0.999998356
-0.999998422
-0.999998498
-0.99999858
-0.999998663
-0.999998742
-0.999998814
-0.999998878
-0.999998933
-0.99999898
-0.999999021
-0.999999056
-0.999999089
-0.999999119
-0.999999149
-0.999999178
-0.999999205
-0.999999231
-0.999999255
-0.999999276
-0.999999292
-0.999999305
-0.999999314
-0.99999932
-0.999999322
-0.999999322
-0.999999322
-0.999999321
-0.99999932
-0.999999319
-0.999999319
-0.999999319
-0.999999318
-0.999999317
-0.999999314
-0.99999931
-0.999999303
-0.999999294
-0.999999282
-0.99999927
-0.999999256
-0.999999243
-0.99999923
-0.99999922
-0.999999213
-0.999999209
-0.999999208
-0.999999208
-0.999999209
-0.99999921
-0.999999208
-0.999999204
-0.999999198
-0.999999191
-0.999999184
-0.999999178
-0.999999176
-0.999999178
-0.999999185
-0.999999194
-0.999999205
-0.999999214
-0.999999219
-0.999999218
-0.999999211
-0.999999197
-0.999999178
-0.999999156
-0.999999133
-0.999999111
-0.999999093
-0.99999908
-0.999999069
-0.99999906
-0.999999047
-0.999999028
-0.999999
-0.99999896
-0.999998908
-0.999998846
-0.999998776
-0.999998706
-0.99999864
-0.999998585
-0.999998546
-0.999998521
-0.999998508
-0.999998502
-0.999998499
-0.999998495
-0.999998492
-0.999998494
-0.999998506
-0.999998533
-0.999998577
-0.999998639
-0.999998713
-0.999998793
-0.999998874
-0.999998952
-0.999999024
-0.99999909
-0.99999915
-0.999999205
-0.999999257
-0.999999307
-0.999999354
-0.999999398
-0.999999438
-0.999999475
-0.999999507
-0.999999535
-0.999999558
-0.999999577
-0.999999594
-0.999999608
-0.999999622
-0.999999635
-0.999999648
-0.999999661
-0.999999674
-0.999999687
-0.999999699
-0.999999709
-0.999999717
-0.999999724
-0.99999973
-0.999999734
-0.999999737
-0.999999741
-0.999999745
-0.999999749
-0.999999754
-0.999999759
-0.999999764
-0.999999769
-0.999999773
-0.999999776
-0.999999779
-0.99999978
-0.999999782
-0.999999783
-0.999999785
-0.999999788
-0.999999792
-0.999999796
-0.999999801
-0.999999805
-0.999999809
-0.999999812
-0.999999814
-0.999999815
-0.999999816
-0.999999816
-0.999999816
-0.999999816
-0.999999817
-0.999999819
-0.999999822
-0.999999826
-0.999999829
-0.999999833
-0.999999835
-0.999999837
-0.999999838
-0.999999838
-0.999999838
-0.999999837
-0.999999836
-0.999999836
-0.999999835
-0.999999835
-0.999999834
-0.999999834
-0.999999833
-0.999999831
-0.99999983
-0.999999828
-0.999999825
-0.999999823
-0.99999982
-0.999999817
-0.999999814
-0.999999811
-0.999999807
-0.999999802
-0.999999796
-0.99999979
-0.999999782
-0.999999774
-0.999999765
-0.999999756
-0.999999746
-0.999999736
-0.999999724
-0.999999711
-0.999999697
-0.99999968
-0.999999662
-0.999999641
-0.999999619
-0.999999594
-0.999999567
-0.999999538
-0.999999506
-0.999999471
-0.999999432
-0.999999389
-0.999999341
-0.999999289
-0.999999234
-0.999999178
-0.999999121
-0.999999067
-0.999999016
-0.999998968
-0.99999892
-0.999998869
-0.999998811
-0.999998742
-0.99999866
-0.999998566
-0.999998467
-0.999998376
-0.999998311
-0.999998284
-0.999998301
-0.999998353
-0.999998422
-0.999998488
-0.999998538
-0.999998562
-0.999998559
-0.999998532
-0.99999849
-0.999998449
-0.999998429
-0.999998445
-0.999998501
-0.999998584
-0.999998675
-0.999998755
-0.999998811
-0.999998838
-0.999998834
-0.999998801
-0.999998746
-0.99999868
-0.999998621
-0.999998587
-0.999998591
-0.999998631
-0.999998692
-0.999998752
-0.999998795
-0.999998813
-0.9999988
-0.999998756
-0.999998683
-0.999998588
-0.999998483
-0.999998388
-0.999998322
-0.999998298
-0.999998308
-0.999998334
-0.999998353
-0.999998344
-0.999998296
-0.999998199
-0.999998046
-0.999997838
-0.999997591
-0.999997347
-0.999997179
-0.999997153
-0.999997269
-0.999997464
-0.999997659
-0.999997805
-0.999997877
-0.999997861
-0.999997741
-0.999997493
-0.999997076
-0.999996451
-0.999995633
-0.999994841
-0.999994514
-0.999994865
-0.999995575
-0.999996246
-0.999996718
-0.999996972
-0.99999702
-0.999996857
-0.999996443
-0.99999571
-0.999994616
-0.999993338
-0.99999251
-0.999992719
-0.999993633
-0.99999456
-0.999995173
-0.999995406
-0.999995233
-0.999994544
-0.999993039
-0.999990054
-0.999984561
-0.999977816
-0.999978158
-0.999984848
-0.999990026
-0.999992864
-0.999994329
-0.999995019
-0.999995201
-0.999994959
-0.999994251
-0.999992917
-0.999990675
-0.999987262
-0.999983136
-0.999980519
-0.999981444
-0.999984477
-0.9999874
-0.999989478
-0.999990774
-0.999991487
-0.999991775
-0.999991738
-0.999991439
-0.999990912
-0.999990177
-0.999989237
-0.999988092
-0.999986744
-0.999985229
-0.999983645
-0.999982178
-0.999981064
-0.999980477
-0.999980405
-0.999980639
-0.999980878
-0.999980823
-0.999980209
-0.999978749
-0.999976048
-0.999971445
-0.999963739
-0.999950665
-0.999927924
-0.999888198
-0.999825059
-0.99975654
-0.999735896
-0.9997665
-0.999804184
-0.999829093
-0.999840078
-0.999839091
-0.999827058
-0.999803821
-0.999769505
-0.999727403
-0.999687439
-0.999664256
-0.999665685
-0.999685231
-0.999710101
-0.999731017
-0.999743769
-0.999746815
-0.999739167
-0.99971921
-0.999684057
-0.999629289
-0.999549713
-0.999443423
-0.999322641
-0.999226043
-0.999201596
-0.999254587
-0.999342972
-0.999426329
-0.999487329
-0.999522957
-0.999534212
-0.999521248
-0.99948141
-0.999408001
-0.999288978
-0.999106441
-0.998841732
-0.998499529
-0.998160035
-0.997985536
-0.998060519
-0.99828514
-0.998522678
-0.998709075
-0.998833537
-0.99890253
-0.998923559
-0.998900567
-0.998833124
-0.99871643
-0.998541524
-0.998296172
-0.997968001
-0.997552639
-0.997069097
-0.996576834
-0.996171941
-0.995940587
-0.995900365
-0.995995334
-0.996143822
-0.996280256
-0.99636545
-0.996379073
-0.996309733
-0.996148081
-0.995882909
-0.995499194
-0.9949775
-0.994294762
-0.993427177
-0.99235631
-0.991079282
-0.989621998
-0.988050168
-0.986468315
-0.984998275
-0.983741281
-0.982743643
-0.981986692
-0.981403303
-0.980905817
-0.980409329
-0.979844133
-0.979159289
-0.978321679
-0.977313853
-0.976132207
-0.974785837
-0.973295843
-0.971694748
-0.970025789
-0.968341853
-0.966703532
-0.96517541
-0.963819541
-0.962685889
-0.961801316
-0.961160557
-0.960722991
-0.960416993
-0.960150343
-0.959822776
-0.959336734
-0.958604173
-0.957549367
-0.956108904
-0.954230312
-0.951870314
-0.948993135
-0.945568826
-0.941571479
-0.936977597
-0.931765645
-0.925918713
-0.919432768
-0.912332475
-0.904694528
-0.89667445
-0.888527465
-0.880609468
-0.873345238
-0.867162186
-0.862407248
-0.859279238
-0.857804625
-0.857861108
-0.859228824
-0.861641362
-0.864819232
-0.868484503
-0.872365311
-0.876199557
-0.879741978
-0.882773252
-0.885107412
-0.886594712
-0.887119402
-0.886593745
-0.884950099
-0.882132457
-0.878087858
-0.872757264
-0.866065136
-0.857907119
-0.848136018
-0.836547293
-0.822866374
-0.806740918
-0.787741797
-0.765377387
-0.739126907
-0.708499935
-0.673129714
-0.632905788
-0.588144742
-0.539784469
-0.48956609
-0.440137885
-0.394982416
-0.358054502
-0.333075657
-0.322605715
-0.327244816
-0.345395802
-0.373764394
-0.408341792
-0.445379527
-0.481995091
-0.516342562
-0.547485329
-0.575145502
-0.599449389
-0.62072256
-0.639346281
-0.655669373
-0.669964827
-0.682420066
-0.693149769
-0.702220483
-0.709677638
-0.715568238
-0.719955646
-0.722925553
-0.7245839
-0.725048362
-0.724435411
-0.722845425
-0.720348616
-0.716974669
-0.712708327
-0.707491927
-0.701234217
-0.693823405
-0.685141529
-0.675077196
-0.663534136
-0.650433846
-0.635711603
-0.619306447
-0.601147207
-0.581138055
-0.559147785
-0.535006698
-0.508513468
-0.479452081
-0.44761658
-0.412839424
-0.375018036
-0.334133775
-0.290258297
-0.243544358
-0.194201703
-0.142463128
-0.088549629
-0.032644918
0.025112761
0.084619277
0.145778558
0.208472402
0.272538638
0.337767154
0.403916078
0.470741345
0.538025808
0.605592615
0.67329324
0.740971336
0.808414651
0.875313343
0.941241335
1.005668325
1.067997529
1.127613345
1.183918992
1.236349103
1.28435481
1.327374002
1.364810587
1.396048397
1.420515706
1.437797285
1.447768625
1.450710707
1.447362052
1.43888109
1.426720524
1.412443907
1.39753109
1.383218137
1.370402484
1.359623341
1.351108204
1.344862949
1.340776802
1.338714423
1.338574663
1.340307136
1.343890508
1.349286706
1.356390623
1.364994601
1.374781957
1.385355664
1.396298751
1.407253708
1.41800144
1.428518231
1.438993385
1.44980017
1.461425569
1.474375927
1.489082138
1.505827871
1.52471793
1.545693121
1.568585546
1.593196948
1.619375922
1.647069932
1.676336005
1.707307231
1.74012644
1.774868711
1.811477866
1.849738432
1.889295048
1.929718196
1.97060103
2.01166046
2.052810465
2.09418002
2.136062184
2.178800977
2.222642184
2.26758707
2.313290282
2.359034619
2.403797134
2.446396845
2.485689842
2.520761088
2.551061423
2.576455828
2.597178858
2.613723313
2.626706556
2.636760157
2.644474802
2.650410581
2.65516027
2.659435798
2.664139632
2.670385055
2.679441653
2.692601129
2.710978368
2.735278464
2.765569481
2.801103335
2.840223997
2.88039315
2.918346473
2.950368591
2.972645909
2.981634457
2.974376392
2.948718664
2.903422748
2.838188061
2.753627261
2.651223504
2.533275951
2.402816255
2.263470082
2.11924922
1.974285191
1.832540526
1.697545725
1.572203522
1.458682078
1.358395478
1.272052291
1.199745018
1.141053779
1.095143168
1.060838398
1.036674035
1.020915632
1.011562091
1.006344907
1.002748293
0.99807851
0.98960665
0.974792279
0.951565694
0.918612547
0.875583072
0.823156185
0.762929812
0.697166043
0.628464295
0.559446754
0.492518266
0.429724907
0.37270163
0.322680716
0.280529449
0.246791865
0.22171906
0.205281214
0.197160678
0.196729828
0.203021299
0.214702916
0.230074954
0.247111082
0.263562429
0.277132625
0.285709722
0.287614975
0.281811153
0.268016715
0.246698723
0.218954909
0.186324987
0.150580878
0.113535695
0.076892633
0.042138153
0.010474271
-0.017218156
-0.04039265
-0.058832664
-0.072633586
-0.082173438
-0.088072612
-0.091141529
-0.09231535
-0.09257734
-0.092876898
-0.094052549
-0.09677174
-0.101496198
-0.108474538
-0.117755859
-0.129213352
-0.142567729
-0.157406057
-0.173199071
-0.189324998
-0.205107644
-0.219871036
-0.233005302
-0.244032717
-0.25266147
-0.258817435
-0.262648928
-0.264504063
-0.264884203
-0.264380494
-0.263603774
-0.263120182
-0.263403942
-0.264813966
-0.267593214
-0.271882407
-0.277735902
-0.28512938
-0.293955486
-0.304012039
-0.314993913
-0.326501187
-0.338071465
-0.34923553
-0.359586662
-0.368848893
-0.376929445
-0.383944266
-0.390210683
-0.396206667
-0.402502177
-0.409674532
-0.418225016
-0.428514593
-0.440730439
-0.454883614
-0.470827227
-0.48828003
-0.506844636
-0.52601948
-0.545212736
-0.563769031
-0.581014383
-0.59631493
-0.609137075
-0.619095363
-0.625979486
-0.629759069
-0.63057018
-0.628689204
-0.62449918
-0.618453205
-0.611040234
-0.602759914
-0.594112989
-0.585610382
-0.577797114
-0.571278401
-0.566727938
-0.564856914
-0.566331103
-0.571644587
-0.5809864
-0.594154604
-0.610562857
-0.629345352
-0.649519853
-0.67014626
-0.690431197
-0.70976306
-0.727693235
-0.74389412
-0.758122081