-0.99999814
-0.999998193
-0.99999826
-0.99999834
-0.999998431
-0.999998528
-0.999998625
-0.999998717
-0.999998801
-0.999998875
-0.999998938
-0.999998991
-0.999999033
-0.999999067
-0.999999092
-0.999999111
-0.999999124
-0.999999131
-0.999999133
-0.99999913
-0.999999122
-0.999999108
-0.999999089
-0.999999063
-0.99999903
-0.999998988
-0.999998937
-0.999998875
-0.9999988
-0.999998711
-0.999998607
-0.999998486
-0.999998348
-0.999998195
-0.999998031
-0.999997864
-0.999997706
-0.999997573
-0.999997483
-0.999997454
-0.999997493
-0.999997597
-0.999997751
-0.999997935
-0.999998128
-0.999998315
-0.999998486
-0.999998637
-0.999998768
-0.999998881
-0.999998977
-0.99999906
-0.999999131
-0.999999192
-0.999999244
-0.999999289
-0.999999327
-0.999999357
-0.99999938
-0.999999395
-0.999999403
-0.999999404
-0.999999396
-0.999999381
-0.999999359
-0.99999933
-0.999999295
-0.999999254
-0.999999211
-0.999999166
-0.999999123
-0.999999083
-0.999999052
-0.99999903
-0.99999902
-0.999999023
-0.999999037
-0.999999062
-0.999999095
-0.999999134
-0.999999177
-0.999999221
-0.999999265
-0.999999307
-0.999999347
-0.999999383
-0.999999415
-0.999999442
-0.999999463
-0.999999479
-0.99999949
-0.999999494
-0.999999493
-0.999999487
-0.999999477
-0.999999461
-0.999999442
-0.99999942
-0.999999393
-0.999999361
-0.999999325
-0.999999281
-0.999999227
-0.999999162
-0.999999083
-0.999998987
-0.999998872
-0.999998739
-0.999998593
-0.999998442
-0.999998296
-0.999998171
-0.999998076
-0.99999802
-0.999998004
-0.999998025
-0.999998075
-0.999998147
-0.999998232
-0.999998321
-0.999998407
-0.999998485
-0.99999855
-0.999998601
-0.999998638
-0.999998662
-0.999998674
-0.999998676
-0.999998671
-0.999998661
-0.999998648
-0.999998634
-0.999998618
-0.999998599
-0.999998575
-0.999998545
-0.999998504
-0.999998452
-0.999998386
-0.999998308
-0.999998221
-0.999998131
-0.999998044
-0.999997971
-0.99999792
-0.999997895
-0.9999979
-0.999997929
-0.999997977
-0.999998036
-0.999998102
-0.999998171
-0.999998244
-0.999998322
-0.999998404
-0.999998492
-0.999998582
-0.999998674
-0.999998764
-0.999998848
-0.999998924
-0.999998991
-0.999999048
-0.999999095
-0.999999135
-0.999999168
-0.999999195
-0.99999922
-0.999999243
-0.999999265
-0.999999287
-0.999999307
-0.999999326
-0.999999342
-0.999999354
-0.999999363
-0.999999367
-0.999999368
-0.999999364
-0.999999359
-0.999999352
-0.999999345
-0.99999934
-0.999999337
-0.999999336
-0.999999338
-0.99999934
-0.999999342
-0.999999342
-0.99999934
-0.999999335
-0.999999327
-0.999999317
-0.999999304
-0.999999292
-0.999999281
-0.999999272
-0.999999267
-0.999999266
-0.999999267
-0.999999271
-0.999999276
-0.999999281
-0.999999285
-0.999999286
-0.999999285
-0.999999281
-0.999999276
-0.999999269
-0.999999261
-0.999999254
-0.999999248
-0.999999243
-0.99999924
-0.999999238
-0.999999236
-0.999999234
-0.999999232
-0.999999228
-0.999999223
-0.999999217
-0.999999209
-0.999999201
-0.999999193
-0.999999186
-0.999999178
-0.999999171
-0.999999164
-0.999999156
-0.999999146
-0.999999133
-0.999999116
-0.999999095
-0.999999069
-0.99999904
-0.999999008
-0.999998975
-0.999998945
-0.999998918
-0.999998898
-0.999998885
-0.99999888
-0.999998882
-0.99999889
-0.999998902
-0.999998917
-0.999998936
-0.999998959
-0.999998986
-0.999999019
-0.999999059
-0.999999104
-0.999999152
-0.999999202
-0.999999251
-0.999999297
-0.999999339
-0.999999376
-0.999999409
-0.999999438
-0.999999466
-0.999999493
-0.999999519
-0.999999544
-0.999999569
-0.999999592
-0.999999613
-0.999999631
-0.999999647
-0.99999966
-0.99999967
-0.999999679
-0.999999687
-0.999999695
-0.999999703
-0.999999711
-0.99999972
-0.999999728
-0.999999737
-0.999999744
-0.99999975
-0.999999754
-0.999999758
-0.999999759
-0.99999976
-0.99999976
-0.99999976
-0.99999976
-0.99999976
-0.999999761
-0.999999761
-0.999999762
-0.999999763
-0.999999763
-0.999999763
-0.999999763
-0.999999763
-0.999999764
-0.999999764
-0.999999765
-0.999999766
-0.999999768
-0.999999769
-0.99999977
-0.999999771
-0.999999771
-0.999999771
-0.999999772
-0.999999772
-0.999999774
-0.999999775
-0.999999778
-0.99999978
-0.999999782
-0.999999784
-0.999999785
-0.999999785
-0.999999783
-0.999999781
-0.999999779
-0.999999776
-0.999999775
-0.999999775
-0.999999776
-0.999999778
-0.99999978
-0.999999783
-0.999999785
-0.999999786
-0.999999786
-0.999999785
-0.999999784
-0.999999782
-0.99999978
-0.999999778
-0.999999776
-0.999999773
-0.999999771
-0.999999767
-0.999999762
-0.999999755
-0.999999747
-0.999999737
-0.999999726
-0.999999716
-0.999999705
-0.999999696
-0.999999687
-0.99999968
-0.999999672
-0.999999663
-0.999999651
-0.999999637
-0.99999962
-0.999999599
-0.999999575
-0.99999955
-0.999999523
-0.999999495
-0.999999468
-0.999999439
-0.999999409
-0.999999374
-0.999999334
-0.999999285
-0.999999228
-0.99999916
-0.999999084
-0.999999002
-0.999998918
-0.999998838
-0.999998769
-0.999998714
-0.999998675
-0.99999865
-0.999998634
-0.999998621
-0.999998606
-0.999998584
-0.999998555
-0.99999852
-0.999998483
-0.999998452
-0.999998436
-0.999998443
-0.999998476
-0.999998531
-0.999998599
-0.999998667
-0.999998727
-0.999998773
-0.999998802
-0.999998818
-0.999998823
-0.999998823
-0.999998826
-0.99999884
-0.999998869
-0.999998912
-0.999998962
-0.999999011
-0.999999052
-0.999999078
-0.999999086
-0.999999076
-0.999999045
-0.999998994
-0.999998926
-0.999998852
-0.999998783
-0.999998737
-0.999998724
-0.99999874
-0.999998774
-0.999998809
-0.999998833
-0.999998838
-0.999998818
-0.999998774
-0.999998706
-0.999998624
-0.999998543
-0.999998483
-0.999998457
-0.999998467
-0.999998497
-0.999998529
-0.999998541
-0.999998518
-0.999998445
-0.999998307
-0.999998087
-0.999997778
-0.999997398
-0.999997032
-0.999996826
-0.999996885
-0.999997158
-0.999997499
-0.999997797
-0.999998004
-0.999998113
-0.999998124
-0.999998037
-0.999997845
-0.999997542
-0.999997139
-0.999996696
-0.99999634
-0.999996202
-0.999996288
-0.999996475
-0.99999662
-0.999996624
-0.99999642
-0.999995924
-0.999995006
-0.999993507
-0.999991518
-0.99999014
-0.999990905
-0.999993006
-0.999994841
-0.999996014
-0.999996674
-0.999996983
-0.999997027
-0.999996822
-0.999996312
-0.999995342
-0.999993573
-0.999990348
-0.999984797
-0.999977946
-0.999975786
-0.999979657
-0.999984013
-0.999986695
-0.999987843
-0.999987743
-0.999986367
-0.999983253
-0.999977215
-0.999965796
-0.999945737
-0.999922602
-0.999921948
-0.999941504
-0.999958586
-0.999969007
-0.999975051
-0.999978605
-0.999980724
-0.999981978
-0.999982672
-0.999982967
-0.999982934
-0.999982594
-0.999981957
-0.999981061
-0.999980016
-0.999979045
-0.999978458
-0.999978523
-0.999979274
-0.999980466
-0.999981725
-0.999982729
-0.999983268
-0.999983204
-0.999982408
-0.999980695
-0.999977766
-0.999973172
-0.999966346
-0.99995695
-0.999945923
-0.999936744
-0.999933731
-0.999937158
-0.999943313
-0.999948913
-0.999952595
-0.999954057
-0.999953236
-0.999949926
-0.999943591
-0.999933195
-0.999916988
-0.999892296
-0.999855797
-0.999805708
-0.999747962
-0.999701689
-0.999686519
-0.999700096
-0.999724611
-0.999746306
-0.999759541
-0.999762735
-0.999755128
-0.99973526
-0.99970017
-0.999644712
-0.999560896
-0.999437873
-0.999264872
-0.999041549
-0.998796289
-0.99858975
-0.99847141
-0.99843168
-0.99841933
-0.998384099
-0.998289827
-0.998106222
-0.997798428
-0.99732339
-0.996646428
-0.995809453
-0.995052916
-0.994775251
-0.995112006
-0.995766831
-0.996410776
-0.996906981
-0.997242349
-0.997440261
-0.997524133
-0.997508166
-0.997396626
-0.997184988
-0.99686167
-0.996411459
-0.995823411
-0.995106947
-0.994316172
-0.99356723
-0.993013789
-0.992766766
-0.992822293
-0.993076513
-0.993400811
-0.993697265
-0.993909353
-0.994009669
-0.993985298
-0.993827898
-0.993528391
-0.993074817
-0.992452342
-0.99164526
-0.990641276
-0.98943838
-0.988053607
-0.98653086
-0.984942342
-0.983377936
-0.981922213
-0.98062802
-0.979500405
-0.978498496
-0.977551145
-0.976575917
-0.975493456
-0.974235136
-0.972745786
-0.970984195
-0.96892336
-0.966551438
-0.963873563
-0.960914274
-0.95772011
-0.954361754
-0.950934677
-0.947556574
-0.944359309
-0.941473613
-0.939007282
-0.937021748
-0.93551507
-0.934418629
-0.933609423
-0.932933121
-0.932229495
-0.931353099
-0.930185948
-0.928642525
-0.926669003
-0.924238442
-0.921342992
-0.917983806
-0.914159929
-0.909858629
-0.90505071
-0.899694479
-0.893750904
-0.887210302
-0.880127795
-0.872660271
-0.86509152
-0.857827068
-0.851342723
-0.846088243
-0.842376359
-0.840306804
-0.839762281
-0.840472886
-0.84210986
-0.84436441
-0.846987915
-0.84979428
-0.852639398
-0.855395103
-0.857930312
-0.860104746
-0.861773853
-0.862799726
-0.863062264
-0.862466635
-0.86094541
-0.858455256
-0.854968587
-0.850460571
-0.8448921
-0.838189938
-0.830226128
-0.820799147
-0.809618885
-0.796296287
-0.780337261
-0.761140062
-0.73799626
-0.710097799
-0.676556345
-0.636446882
-0.588896299
-0.533251043
-0.469373601
-0.398121972
-0.322019968
-0.245960234
-0.177460267
-0.125706271
-0.098945263
-0.101129766
-0.130046751
-0.17846345
-0.237344806
-0.298831715
-0.357621476
-0.410923268
-0.457767311
-0.498257684
-0.533008862
-0.562792415
-0.588345528
-0.610286305
-0.629093718
-0.645123031
-0.658636784
-0.669838106
-0.67889843
-0.685976039
-0.69122491
-0.69479516
-0.696827212
-0.697442244
-0.696731599
-0.694747924
-0.691500456
-0.68695604
-0.681046263
-0.673679737
-0.664757473
-0.654188714
-0.641904414
-0.627865804
-0.612066054
-0.594524132
-0.575271574
-0.554334903
-0.531718175
-0.507390791
-0.481284688
-0.453302451
-0.423334505
-0.391280477
-0.35706789
-0.320661065
-0.282054816
-0.241251207
-0.198223015
-0.152873333
-0.105004893
-0.054313064
-0.000412054
0.05710439
0.118576503
0.184184126
0.25386877
0.327297905
0.40389092
0.482910156
0.563596579
0.645307026
0.727600926
0.810237318
0.893074233
0.975898465
1.058239675
1.13923142
1.217572747
1.291619938
1.359601639
1.419908671
1.471376717
1.513473782
1.546334258
1.570637458
1.587384465
1.597657349
1.602439435
1.602542403
1.598642239
1.591387421
1.581520679
1.569956205
1.557775952
1.546142162
1.536154058
1.528692836
1.524297875
1.523103725
1.52485001
1.528960601
1.534675566
1.541209663
1.547904966
1.55434521
1.560407561
1.566243102
1.572196118
1.578687787
1.58609753
1.594673471
1.604494018
1.61548839
1.62750802
1.640426157
1.654233485
1.669097116
1.68536069
1.703481978
1.723924808
1.747036607
1.772947002
1.801516646
1.832351816
1.864883269
1.898490691
1.932640703
1.967000698
2.00149594
2.036293079
2.071714956
2.108111765
2.145725852
2.184588464
2.224477288
2.264946376
2.305418955
2.345313712
2.384162877
2.421681866
2.457767108
2.492425823
2.525668169
2.557407549
2.587413111
2.615340906
2.640842996
2.663725899
2.684110169
2.702538967
2.71999748
2.737832256
2.757589283
2.780810647
2.808835485
2.842642326
2.88275233
2.929192692
2.981501858
3.038747222
3.099525479
3.161928263
3.223479925
3.281083477
3.33103316
3.369155096
3.391112737
3.392863258
3.371189418
3.324185035
3.251566649
3.154728852
3.036539109
2.900944004
2.752499782
2.595934678
2.435811686
2.27631227
2.121124242
1.973399175
1.835744473
1.710225332
1.598364509
1.501137752
1.418967831
1.351721015
1.298708949
1.258698467
1.229933307
1.210174839
1.196772086
1.186772237
1.177078988
1.164656574
1.146763566
1.121186793
1.08643792
1.041877712
0.987746324
0.925097466
0.855652908
0.781605798
0.705404536
0.629545277
0.556393676
0.488048066
0.426248211
0.372327032
0.327197472
0.291363714
0.26494536
0.247704813
0.239071311
0.238158963
0.243780087
0.254458767
0.268452795
0.283794949
0.29836615
0.31001171
0.316705053
0.316749201
0.308986893
0.292972609
0.269055283
0.238337114
0.202508873
0.163600339
0.123707324
0.084754732
0.048333034
0.015617297
-0.012644008
-0.03609342
-0.054705309
-0.06872088
-0.078588258
-0.084912569
-0.088416292
-0.089906901
-0.090246564
-0.090317642
-0.090978546
-0.093007637
-0.097038249
-0.103494259
-0.112540342
-0.124061331
-0.137679571
-0.152809425
-0.168737973
-0.184714871
-0.200034286
-0.214096893
-0.226447198
-0.236787935
-0.24497741
-0.251017039
-0.255035503
-0.257273744
-0.258072091
-0.257857904
-0.257129878
-0.256434304
-0.256329697
-0.257339469
-0.25989721
-0.264294025
-0.270640038
-0.278850699
-0.288662767
-0.299676846
-0.31141655
-0.32339139
-0.335152136
-0.346331955
-0.35667195
-0.366033668
-0.374402953
-0.381889137
-0.388721576
-0.395242691
-0.401893775
-0.409188002
-0.41766542
-0.427828407
-0.440063072
-0.454560803
-0.471260252
-0.489829106
-0.509694939
-0.530118901
-0.550292545
-0.569433259
-0.586858824
-0.602032172
-0.614577523
-0.624275224
-0.631044206
-0.634919868
-0.636033041
-0.634593687
-0.630881179
-0.625241384
-0.618088873
-0.60991081
-0.60126761
-0.592785125
-0.585134436
-0.578998379
-0.57502793
-0.573794701
-0.575746225
-0.581168152
-0.590153802
-0.602580329
-0.618094084
-0.63611399
-0.655864888
-0.676447425
-0.696937094
-0.716490635
-0.734432923
-0.750305294
-0.763870981