0.4
0.40034904
0.40069869
0.401048951
0.401399825
0.401751313
0.402103418
0.40245614
0.402809482
0.403163445
0.40351803
0.403873239
0.404229075
0.404585538
0.40494263
0.405300353
0.405658709
0.406017699
0.406377325
0.406737589
0.407098492
0.407460036
0.407822222
0.408185053
0.408548531
0.408912656
0.409277431
0.409642857
0.410008937
0.410375671
0.410743062
0.411111111
0.411479821
0.411849192
0.412219227
0.412589928
0.412961296
0.413333333
0.413706041
0.414079422
0.414453478
0.41482821
0.41520362
0.41557971
0.415956482
0.416333938
0.41671208
0.417090909
0.417470428
0.417850638
0.418231541
0.418613139
0.418995434
0.419378428
0.419762123
0.42014652
0.420531622
0.420917431
0.421303949
0.421691176
0.422079117
0.422467772
0.422857143
0.423247232
0.423638042
0.424029575
0.424421832
0.424814815
0.425208526
0.425602968
0.425998143
0.426394052
0.426790698
0.427188082
0.427586207
0.427985075
0.428384687
0.428785047
0.429186155
0.429588015
0.429990628
0.430393996
0.430798122
0.431203008
0.431608655
0.432015066
0.432422243
0.432830189
0.433238905
0.433648393
0.434058657
0.434469697
0.434881517
0.435294118
0.435707502
0.436121673
0.436536632
0.436952381
0.437368923
0.43778626
0.438204394
0.438623327
0.439043062
0.439463602
0.439884947
0.440307102
0.440730067
0.441153846
0.441578441
0.442003854
0.442430087
0.442857143
0.443285024
0.443713733
0.444143272
0.444573643
0.44500485
0.445436893
0.445869776
0.446303502
0.446738072
0.447173489
0.447609756
0.448046875
0.448484848
0.448923679
0.449363369
0.449803922
0.450245339
0.450687623
0.451130777
0.451574803
0.452019704
0.452465483
0.452912142
0.453359684
0.453808111
0.454257426
0.454707631
0.45515873
0.455610725
0.456063618
0.456517413
0.456972112
0.457427717
0.457884232
0.458341658
0.4588
0.459259259
0.459719439
0.460180542
0.46064257
0.461105528
0.461569416
0.46203424
0.4625
0.4629667
0.463434343
0.463902932
0.46437247
0.464842958
0.465314402
0.465786802
0.466260163
0.466734486
0.467209776
0.467686035
0.468163265
0.468641471
0.469120654
0.469600819
0.470081967
0.470564103
0.471047228
0.471531346
0.472016461
0.472502575
0.472989691
0.473477812
0.473966942
0.474457084
0.47494824
0.475440415
0.47593361
0.47642783
0.476923077
0.477419355
0.477916667
0.478415016
0.478914405
0.479414838
0.479916318
0.480418848
0.480922432
0.481427072
0.481932773
0.482439537
0.482947368
0.48345627
0.483966245
0.484477297
0.484989429
0.485502646
0.486016949
0.486532344
0.487048832
0.487566419
0.488085106
0.488604899
0.4891258
0.489647812
0.49017094
0.490695187
0.491220557
0.491747053
0.492274678
0.492803437
0.493333333
0.49386437
0.494396552
0.494929881
0.495464363
0.496
0.496536797
0.497074756
0.497613883
0.49815418
0.498695652
0.499238303
0.499782135
0.500327154
0.500873362
0.501420765
0.501969365
0.502519168
0.503070175
0.503622393
0.504175824
0.504730473
0.505286344
0.50584344
0.506401766
0.506961326
0.507522124
0.508084164
0.50864745
0.509211987
0.509777778
0.510344828
0.51091314
0.51148272
0.512053571
0.512625698
0.513199105
0.513773796
0.514349776
0.514927048
0.515505618
0.516085489
0.516666667
0.517249154
0.517832957
0.518418079
0.519004525
0.519592299
0.520181406
0.52077185
0.521363636
0.521956769
0.522551253
0.523147092
0.523744292
0.524342857
0.524942792
0.525544101
0.526146789
0.526750861
0.527356322
0.527963176
0.528571429
0.529181084
0.529792148
0.530404624
0.531018519
0.531633835
0.53225058
0.532868757
0.533488372
0.53410943
0.534731935
0.535355893
0.535981308
0.536608187
0.537236534
0.537866354
0.538497653
0.539130435
0.539764706
0.540400471
0.541037736
0.541676505
0.542316785
0.54295858
0.543601896
0.544246738
0.544893112
0.545541023
0.546190476
0.546841478
0.547494033
0.548148148
0.548803828
0.549461078
0.550119904
0.550780312
0.551442308
0.552105897
0.552771084
0.553437877
0.55410628
0.5547763
0.555447942
0.556121212
0.556796117
0.557472661
0.558150852
0.558830694
0.559512195
0.56019536
0.560880196
0.561566707
0.562254902
0.562944785
0.563636364
0.564329643
0.565024631
0.565721332
0.566419753
0.567119901
0.567821782
0.568525403
0.569230769
0.569937888
0.570646766
0.57135741
0.572069825
0.57278402
0.5735
0.574217772
0.574937343
0.57565872
0.57638191
0.577106918
0.577833753
0.578562421
0.579292929
0.580025284
0.580759494
0.581495564
0.582233503
0.582973316
0.583715013
0.584458599
0.585204082
0.585951469
0.586700767
0.587451985
0.588205128
0.588960205
0.589717224
0.59047619
0.591237113
0.592
0.592764858
0.593531695
0.594300518
0.595071336
0.595844156
0.596618986
0.597395833
0.598174707
0.598955614
0.599738562
0.60052356
0.601310616
0.602099738
0.602890933
0.603684211
0.604479578
0.605277045
0.606076618
0.606878307
0.607682119
0.608488064
0.609296149
0.610106383
0.610918775
0.611733333
0.612550067
0.613368984
0.614190094
0.615013405
0.615838926
0.616666667
0.617496635
0.618328841
0.619163293
0.62
0.620838972
0.621680217
0.622523745
0.623369565
0.624217687
0.62506812
0.625920873
0.626775956
0.627633379
0.628493151
0.629355281
0.63021978
0.631086657
0.631955923
0.632827586
0.633701657
0.634578147
0.635457064
0.636338419
0.637222222
0.638108484
0.638997214
0.639888424
0.640782123
0.641678322
0.642577031
0.643478261
0.644382022
0.645288326
0.646197183
0.647108604
0.648022599
0.64893918
0.649858357
0.650780142
0.651704545
0.652631579
0.653561254
0.654493581
0.655428571
0.656366237
0.65730659
0.658249641
0.659195402
0.660143885
0.661095101
0.662049062
0.66300578
0.663965268
0.664927536
0.665892598
0.666860465
0.66783115
0.668804665
0.669781022
0.670760234
0.671742313
0.672727273
0.673715125
0.674705882
0.675699558
0.676696165
0.677695716
0.678698225
0.679703704
0.680712166
0.681723626
0.682738095
0.683755589
0.684776119
0.685799701
0.686826347
0.687856072
0.688888889
0.689924812
0.690963855
0.692006033
0.69305136
0.694099849
0.695151515
0.696206373
0.697264438
0.698325723
0.699390244
0.700458015
0.701529052
0.702603369
0.703680982
0.704761905
0.705846154
0.706933744
0.708024691
0.709119011
0.710216718
0.711317829
0.71242236
0.713530327
0.714641745
0.71575663
0.716875
0.71799687
0.719122257
0.720251177
0.721383648
0.722519685
0.723659306
0.724802528
0.725949367
0.727099842
0.728253968
0.729411765
0.730573248
0.731738437
0.732907348
0.73408
0.73525641
0.736436597
0.737620579
0.738808374
0.74
0.741195477
0.742394822
0.743598055
0.744805195
0.74601626
0.74723127
0.748450245
0.749673203
0.750900164
0.752131148
0.753366174
0.754605263
0.755848435
0.75709571
0.758347107
0.759602649
0.760862355
0.762126246
0.763394343
0.764666667
0.765943239
0.76722408
0.768509213
0.769798658
0.771092437
0.772390572
0.773693086
0.775
0.776311337
0.777627119
0.778947368
0.780272109
0.781601363
0.782935154
0.784273504
0.785616438
0.786963979
0.788316151
0.789672978
0.791034483
0.792400691
0.793771626
0.795147314
0.796527778
0.797913043
0.799303136
0.80069808
0.802097902
0.803502627
0.804912281
0.806326889
0.807746479
0.809171076
0.810600707
0.812035398
0.813475177
0.814920071
0.816370107
0.817825312
0.819285714
0.820751342
0.822222222
0.823698384
0.825179856
0.826666667
0.828158845
0.82965642
0.83115942
0.832667877
0.834181818
0.835701275
0.837226277
0.838756856
0.84029304
0.841834862
0.843382353
0.844935543
0.846494465
0.84805915
0.84962963
0.851205937
0.852788104
0.854376164
0.855970149
0.857570093
0.85917603
0.860787992
0.862406015
0.864030132
0.865660377
0.867296786
0.868939394
0.870588235
0.872243346
0.873904762
0.875572519
0.877246654
0.878927203
0.880614203
0.882307692
0.884007707
0.885714286
0.887427466
0.889147287
0.890873786
0.892607004
0.894346979
0.89609375
0.897847358
0.899607843
0.901375246
0.903149606
0.904930966
0.906719368
0.908514851
0.91031746
0.912127237
0.913944223
0.915768463
0.9176
0.919438878
0.921285141
0.923138833
0.925
0.926868687
0.928744939
0.930628803
0.932520325
0.934419552
0.936326531
0.938241309
0.940163934
0.942094456
0.944032922
0.945979381
0.947933884
0.94989648
0.95186722
0.953846154
0.955833333
0.95782881
0.959832636
0.961844864
0.963865546
0.965894737
0.967932489
0.969978858
0.972033898
0.974097665
0.976170213
0.978251599
0.98034188
0.982441113
0.984549356
0.986666667
0.988793103
0.990928726
0.993073593
0.995227766
0.997391304
0.99956427
1.001746725
1.003938731
1.006140351
1.008351648
1.010572687
1.012803532
1.015044248
1.0172949
1.019555556
1.021826281
1.024107143
1.02639821
1.028699552
1.031011236
1.033333333
1.035665914
1.03800905
1.040362812
1.042727273
1.045102506
1.047488584
1.049885584
1.052293578
1.054712644
1.057142857
1.059584296
1.062037037
1.06450116
1.066976744
1.069463869
1.071962617
1.074473068
1.076995305
1.079529412
1.082075472
1.08463357
1.087203791
1.089786223
1.092380952
1.094988067
1.097607656
1.100239808
1.102884615
1.105542169
1.10821256
1.110895884
1.113592233
1.116301703
1.11902439
1.121760391
1.124509804
1.127272727
1.130049261
1.132839506
1.135643564
1.138461538
1.141293532
1.144139651
1.147
1.149874687
1.152763819
1.155667506
1.158585859
1.161518987
1.164467005
1.167430025
1.170408163
1.173401535
1.176410256
1.179434447
1.182474227
1.185529716
1.188601036
1.191688312
1.194791667
1.197911227
1.20104712
1.204199475
1.207368421
1.21055409
1.213756614
1.216976127
1.220212766
1.223466667
1.226737968
1.23002681
1.233333333
1.236657682
1.24
1.243360434
1.24673913
1.25013624
1.253551913
1.256986301
1.26043956
1.263911846
1.267403315
1.270914127
1.274444444
1.277994429
1.281564246
1.285154062
1.288764045
1.292394366
1.296045198
1.299716714
1.303409091
1.307122507
1.310857143
1.314613181
1.318390805
1.322190202
1.326011561
1.329855072
1.33372093
1.337609329
1.341520468
1.345454545
1.349411765
1.35339233
1.35739645
1.361424332
1.36547619
1.369552239
1.373652695
1.377777778
1.381927711
1.386102719
1.39030303
1.394528875
1.398780488
1.403058104
1.407361963
1.411692308
1.416049383
1.420433437
1.42484472
1.429283489
1.43375
1.438244514
1.442767296
1.447318612
1.451898734
1.456507937
1.461146497
1.465814696
1.470512821
1.475241158
1.48
1.484789644
1.48961039
1.494462541
1.499346405
1.504262295
1.509210526
1.514191419
1.519205298
1.524252492
1.529333333
1.534448161
1.539597315
1.544781145
1.55
1.555254237
1.560544218
1.565870307
1.571232877
1.576632302
1.582068966
1.587543253
1.593055556
1.598606272
1.604195804
1.609824561
1.615492958
1.621201413
1.626950355
1.632740214
1.638571429
1.644444444
1.650359712
1.65631769
1.662318841
1.668363636
1.674452555
1.680586081
1.686764706
1.69298893
1.699259259
1.705576208
1.711940299
1.71835206
1.72481203
1.731320755
1.737878788
1.744486692
1.751145038
1.757854406
1.764615385
1.771428571
1.778294574
1.785214008
1.7921875
1.799215686
1.806299213
1.813438735
1.820634921
1.827888446
1.8352
1.842570281
1.85
1.857489879
1.86504065
1.872653061
1.880327869
1.888065844
1.895867769
1.90373444
1.911666667
1.919665272
1.927731092
1.935864979
1.944067797
1.952340426
1.960683761
1.969098712
1.977586207
1.986147186
1.994782609
2.00349345
2.012280702
2.021145374
2.030088496
2.039111111
2.048214286
2.057399103
2.066666667
2.0760181
2.085454545
2.094977169
2.104587156
2.114285714
2.124074074
2.133953488
2.143925234
2.15399061
2.164150943
2.174407583
2.184761905
2.195215311
2.205769231
2.216425121
2.227184466
2.23804878
2.249019608
2.260098522
2.271287129
2.282587065
2.294
2.305527638
2.317171717
2.32893401
2.340816327
2.352820513
2.364948454
2.377202073
2.389583333
2.402094241
2.414736842
2.427513228
2.440425532
2.453475936
2.466666667
2.48
2.493478261
2.507103825
2.520879121
2.53480663
2.548888889
2.563128492
2.57752809
2.592090395
2.606818182
2.621714286
2.636781609
2.652023121
2.66744186
2.683040936
2.698823529
2.714792899
2.730952381
2.747305389
2.763855422
2.780606061
2.797560976
2.814723926
2.832098765
2.849689441
2.8675
2.885534591
2.903797468
2.922292994
2.941025641
2.96
2.979220779
2.99869281
3.018421053
3.038410596
3.058666667
3.079194631
3.1